[0.3894476890563965, 7.310882210731506e-08, 0.45782333612442017, 0.008603483438491821, 0.9216110110282898, 0.020462853834033012, 0.3874797523021698, 0]
[0.39084580540657043, 8.255057036876678e-05, 0.45624783635139465, 0.008617006242275238, 0.9219182729721069, 0.02028810977935791, 0.3867568373680115, 0]
[0.3928605616092682, 0.00014705280773341656, 0.4520605802536011, 0.008543970994651318, 0.9235264658927917, 0.02006853185594082, 0.3829137980937958, 0]
[0.39484378695487976, 0.00017390912398695946, 0.4467262625694275, 0.008431402035057545, 0.925652027130127, 0.019790830090641975, 0.3777638375759125, 0]
[0.3967684507369995, 0.00018557743169367313, 0.44097599387168884, 0.008303700014948845, 0.927937924861908, 0.019492708146572113, 0.3721318542957306, 0]
[0.398647278547287, 0.0001918063499033451, 0.43511301279067993, 0.008171303197741508, 0.9302414655685425, 0.019190123304724693, 0.3663545548915863, 0]
[0.4004884958267212, 0.0001959430519491434, 0.42925935983657837, 0.008038057014346123, 0.9325072765350342, 0.018888911232352257, 0.3605670630931854, 0]
[0.40229663252830505, 0.00019899499602615833, 0.4234637916088104, 0.007905387319624424, 0.9347146153450012, 0.018590398132801056, 0.3548247516155243, 0]
[0.40407413244247437, 0.00020143715664744377, 0.417743980884552, 0.007773979101330042, 0.9368564486503601, 0.018295682966709137, 0.3491485118865967, 0]
[0.40582165122032166, 0.0002036774531006813, 0.41210654377937317, 0.007643927354365587, 0.9389320611953735, 0.01800505444407463, 0.3435460031032562, 0]
[0.40754008293151855, 0.00020540389232337475, 0.4065537452697754, 0.007515610195696354, 0.9409418106079102, 0.017718417569994926, 0.33802086114883423, 0]
[0.40922990441322327, 0.00020698492880910635, 0.40108540654182434, 0.007388717029243708, 0.9428871870040894, 0.017435867339372635, 0.3325735330581665, 0]
[0.4108917713165283, 0.00020802987273782492, 0.39570152759552, 0.0072633433155715466, 0.9447697401046753, 0.017156831920146942, 0.32720470428466797, 0]
[0.41252604126930237, 0.0002087486209347844, 0.3904009163379669, 0.007139683235436678, 0.9465916156768799, 0.01688181608915329, 0.32191362977027893, 0]
[0.4141324460506439, 0.00020964490249752998, 0.38518181443214417, 0.0070173051208257675, 0.9483545422554016, 0.01661130040884018, 0.316699355840683, 0]
[0.41571158170700073, 0.0002101619029417634, 0.38004350662231445, 0.006896661594510078, 0.9500604867935181, 0.016344521194696426, 0.3115609586238861, 0]
[0.41726410388946533, 0.0002104294253513217, 0.3749859035015106, 0.0067774155177176, 0.9517109990119934, 0.01608164981007576, 0.30649900436401367, 0]
[0.41879016160964966, 0.0002109333872795105, 0.3700062334537506, 0.006659293547272682, 0.9533079862594604, 0.015822865068912506, 0.30151140689849854, 0]
[0.42028987407684326, 0.0002111784415319562, 0.3651044964790344, 0.006542842369526625, 0.9548530578613281, 0.015567995607852936, 0.2965981662273407, 0]
[0.42176368832588196, 0.00021121685858815908, 0.3602798283100128, 0.006427643354982138, 0.9563477039337158, 0.015317004173994064, 0.29175886511802673, 0]
[0.42321205139160156, 0.00021191441919654608, 0.3555305600166321, 0.006313595455139875, 0.9577935338020325, 0.015070290304720402, 0.2869923412799835, 0]
[0.4246353507041931, 0.00021242909133434296, 0.3508560061454773, 0.006200824864208698, 0.9591922163963318, 0.014827534556388855, 0.2822977900505066, 0]
[0.42603370547294617, 0.00021342711988836527, 0.34625446796417236, 0.006089068949222565, 0.9605454206466675, 0.014589290134608746, 0.2776739299297333, 0]
[0.4274076521396637, 0.00021482596639543772, 0.3417260944843292, 0.005978573579341173, 0.9618538618087769, 0.014354994520545006, 0.2731214165687561, 0]
[0.4287573993206024, 0.00021687510889023542, 0.3372689187526703, 0.005869039334356785, 0.9631197452545166, 0.014125572517514229, 0.2686382532119751, 0]
[0.4300835132598877, 0.00021940632723271847, 0.33288249373435974, 0.005760516971349716, 0.9643439650535583, 0.01390024647116661, 0.26422417163848877, 0]
[0.43138617277145386, 0.00022322696167975664, 0.3285658061504364, 0.005652768071740866, 0.9655278325080872, 0.01367977261543274, 0.25987863540649414, 0]
[0.43266552686691284, 0.00022788287606090307, 0.3243172764778137, 0.0055458503775298595, 0.966672956943512, 0.013464095070958138, 0.2556000351905823, 0]
[0.4339223802089691, 0.000233866972848773, 0.3201369643211365, 0.005439641419798136, 0.9677802920341492, 0.013253624550998211, 0.2513882517814636, 0]
[0.4351569414138794, 0.0002415028866380453, 0.31602275371551514, 0.005334281362593174, 0.9688510298728943, 0.013048793189227581, 0.24724233150482178, 0]
[0.43636924028396606, 0.00025074463337659836, 0.3119746148586273, 0.005229573231190443, 0.9698867201805115, 0.01284929271787405, 0.24316129088401794, 0]
[0.4375598132610321, 0.0002617654390633106, 0.30799105763435364, 0.00512584438547492, 0.9708878993988037, 0.01265519019216299, 0.23914484679698944, 0]
[0.43872880935668945, 0.00027472188230603933, 0.3040711283683777, 0.005022963043302298, 0.9718563556671143, 0.01246724370867014, 0.23519033193588257, 0]
[0.4398767352104187, 0.00028912804555147886, 0.30021366477012634, 0.004921296611428261, 0.9727929830551147, 0.012284561060369015, 0.23129811882972717, 0]
[0.44100433588027954, 0.0003049873048439622, 0.29641929268836975, 0.004821007139980793, 0.9736979007720947, 0.012107307091355324, 0.22747011482715607, 0]
[0.4421111047267914, 0.0003213159507140517, 0.292685329914093, 0.004722752142697573, 0.974573016166687, 0.011934296227991581, 0.22370187938213348, 0]
[0.44319766759872437, 0.00033692282158881426, 0.2890113890171051, 0.004626801237463951, 0.9754195213317871, 0.011764584109187126, 0.21999318897724152, 0]
[0.44426408410072327, 0.00035032781306654215, 0.28539592027664185, 0.004534177016466856, 0.9762381315231323, 0.0115962577983737, 0.21634235978126526, 0]
[0.4453108012676239, 0.0003599183401092887, 0.2818387746810913, 0.004445103462785482, 0.9770298004150391, 0.011427463963627815, 0.2127496600151062, 0]
[0.4463377594947815, 0.0003638402558863163, 0.278338223695755, 0.004360564984381199, 0.9777953624725342, 0.011256374418735504, 0.20921434462070465, 0]
[0.4473453164100647, 0.0003609055420383811, 0.2748933434486389, 0.004280396271497011, 0.9785357713699341, 0.011081140488386154, 0.2057340294122696, 0]
[0.4483337998390198, 0.0003495307173579931, 0.2715032994747162, 0.004205511882901192, 0.979252278804779, 0.010900616645812988, 0.20230787992477417, 0]
[0.4493035674095154, 0.00032975582871586084, 0.2681676149368286, 0.004135221242904663, 0.9799449443817139, 0.01071348786354065, 0.19893696904182434, 0]
[0.4502550959587097, 0.000302103697322309, 0.2648847997188568, 0.0040694246999919415, 0.9806152582168579, 0.010520524345338345, 0.1956184059381485, 0]
[0.45118871331214905, 0.0002673958661034703, 0.2616545259952545, 0.0040077636949718, 0.9812633395195007, 0.010322642512619495, 0.1923530399799347, 0]
[0.4521055221557617, 0.00022748135961592197, 0.25847721099853516, 0.0039490158669650555, 0.9818900227546692, 0.010121469385921955, 0.18914031982421875, 0]
[0.4530051648616791, 0.0001845901133492589, 0.25535085797309875, 0.003892715321853757, 0.9824957847595215, 0.009919080883264542, 0.18597976863384247, 0]
[0.4538883566856384, 0.0001402564812451601, 0.2522754669189453, 0.003838227828964591, 0.9830814599990845, 0.00971715897321701, 0.18287065625190735, 0]
[0.45475563406944275, 9.619619231671095e-05, 0.24925032258033752, 0.0037847100757062435, 0.9836475849151611, 0.009517164900898933, 0.17981256544589996, 0]
[0.45560726523399353, 5.394779145717621e-05, 0.2462749183177948, 0.0037322489079087973, 0.9841946959495544, 0.009321457706391811, 0.17680490016937256, 0]
[0.456443190574646, 1.4326069504022598e-05, 0.24334757030010223, 0.0036799530498683453, 0.9847236275672913, 0.00913017988204956, 0.17384618520736694, 0]
[0.4572640657424927, -2.2135209292173386e-05, 0.24046851694583893, 0.0036281258799135685, 0.9852347373962402, 0.008944467641413212, 0.17093655467033386, 0]
[0.458069771528244, -5.474884528666735e-05, 0.23763658106327057, 0.0035761415492743254, 0.9857288599014282, 0.008764758706092834, 0.1680746078491211, 0]
[0.45886069536209106, -8.389994036406279e-05, 0.23485122621059418, 0.003524411004036665, 0.9862063527107239, 0.008590852841734886, 0.16525998711585999, 0]
[0.45963701605796814, -0.0001093179453164339, 0.23211123049259186, 0.003472555661574006, 0.9866678714752197, 0.008422784507274628, 0.1624915897846222, 0]
[0.4603990316390991, -0.00013127608690410852, 0.2294161319732666, 0.0034206269774585962, 0.9871140122413635, 0.00826046522706747, 0.15976864099502563, 0]
[0.4611473083496094, -0.0001502328086644411, 0.22676551342010498, 0.0033691013231873512, 0.9875450730323792, 0.008103232830762863, 0.15709121525287628, 0]
[0.46188169717788696, -0.00016632478218525648, 0.2241584211587906, 0.0033176178112626076, 0.9879617691040039, 0.007951191626489162, 0.1544579565525055, 0]
[0.46260252594947815, -0.00017980951815843582, 0.2215941846370697, 0.003266111947596073, 0.9883645176887512, 0.007803984452039003, 0.15186837315559387, 0]
[0.4633101224899292, -0.00019149400759488344, 0.21907204389572144, 0.003215245669707656, 0.9887537956237793, 0.007660880219191313, 0.14932170510292053, 0]
[0.4640045464038849, -0.00020098499953746796, 0.21659114956855774, 0.003164630150422454, 0.9891300797462463, 0.007522061932832003, 0.14681656658649445, 0]
[0.4646860659122467, -0.0002090373309329152, 0.21415115892887115, 0.003114379709586501, 0.9894937872886658, 0.007386313285678625, 0.14435340464115143, 0]
[0.46535515785217285, -0.00021536846179515123, 0.2117515653371811, 0.0030646477825939655, 0.9898452162742615, 0.007254744414240122, 0.14193125069141388, 0]
[0.46601152420043945, -0.00022085558157414198, 0.20939117670059204, 0.003015300026163459, 0.9901849627494812, 0.007125798147171736, 0.13954892754554749, 0]
[0.46665576100349426, -0.00022521568462252617, 0.20706945657730103, 0.0029665420297533274, 0.990513265132904, 0.007000058423727751, 0.13720612227916718, 0]
[0.4672880470752716, -0.00022855564020574093, 0.20478615164756775, 0.002918309299275279, 0.990830659866333, 0.006877241190522909, 0.13490234315395355, 0]
[0.46790850162506104, -0.00023176881950348616, 0.20254038274288177, 0.002870897762477398, 0.9911375045776367, 0.006756687071174383, 0.13263651728630066, 0]
[0.4685172140598297, -0.00023384240921586752, 0.20033155381679535, 0.00282381777651608, 0.9914342164993286, 0.006639061030000448, 0.13040810823440552, 0]
[0.4691147804260254, -0.00023560423869639635, 0.19815896451473236, 0.0027775855269283056, 0.9917207360267639, 0.0065234508365392685, 0.1282169371843338, 0]
[0.46970078349113464, -0.00023665407206863165, 0.1960218995809555, 0.0027315872721374035, 0.9919979572296143, 0.006410711910575628, 0.12606148421764374, 0]
[0.47027599811553955, -0.0002374927280470729, 0.1939203143119812, 0.0026866267435252666, 0.9922657608985901, 0.006299582775682211, 0.12394260615110397, 0]
[0.47084060311317444, -0.00023821380455046892, 0.19185370206832886, 0.002642132341861725, 0.9925246238708496, 0.0061906566843390465, 0.12185893952846527, 0]
[0.4713945686817169, -0.0002383918035775423, 0.1898208111524582, 0.002598427003249526, 0.9927749037742615, 0.006084030959755182, 0.11980973184108734, 0]
[0.47193846106529236, -0.00023849890567362309, 0.18782201409339905, 0.002555231796577573, 0.9930166006088257, 0.005979478824883699, 0.11779524385929108, 0]
[0.47247207164764404, -0.00023841147776693106, 0.18585561215877533, 0.0025129748973995447, 0.9932503700256348, 0.005876590497791767, 0.11581386625766754, 0]
[0.4729953408241272, -0.00023811846040189266, 0.1839219182729721, 0.0024709231220185757, 0.9934763312339783, 0.005775359459221363, 0.11386571824550629, 0]
[0.47350895404815674, -0.0002375368494540453, 0.18202005326747894, 0.002429740037769079, 0.9936947226524353, 0.005676185246556997, 0.11194959282875061, 0]
[0.47401300072669983, -0.00023708527442067862, 0.180149644613266, 0.0023893979378044605, 0.9939057230949402, 0.0055789281614124775, 0.11006556451320648, 0]
[0.47450748085975647, -0.00023634836543351412, 0.17831045389175415, 0.0023494597990065813, 0.9941098093986511, 0.005483345128595829, 0.10821306705474854, 0]
[0.4749927818775177, -0.00023555883672088385, 0.17650136351585388, 0.002310108859091997, 0.9943070411682129, 0.0053892601281404495, 0.10639161616563797, 0]
[0.4754689931869507, -0.00023477920331060886, 0.1747223138809204, 0.002271305536851287, 0.9944975972175598, 0.005296787247061729, 0.10460060089826584, 0]
[0.47593629360198975, -0.0002338876947760582, 0.17297258973121643, 0.0022335234098136425, 0.9946818351745605, 0.005205936264246702, 0.10283951461315155, 0]
[0.4763946235179901, -0.00023296417202800512, 0.17125184834003448, 0.0021961266174912453, 0.9948599934577942, 0.00511677423492074, 0.10110745579004288, 0]
[0.47684428095817566, -0.0002318377373740077, 0.16955941915512085, 0.0021593726705759764, 0.9950320720672607, 0.005029144696891308, 0.09940438717603683, 0]
[0.4772854745388031, -0.0002308851107954979, 0.16789518296718597, 0.0021233095321804285, 0.9951983690261841, 0.004943143576383591, 0.09773002564907074, 0]
[0.4777185916900635, -0.00022975029423832893, 0.16625866293907166, 0.002087558852508664, 0.9953591823577881, 0.0048587145283818245, 0.09608377516269684, 0]
[0.4781434237957001, -0.00022860930766910315, 0.1646491438150406, 0.0020526284351944923, 0.9955145716667175, 0.0047755674459040165, 0.094464972615242, 0]
[0.47856053709983826, -0.0002272601705044508, 0.16306652128696442, 0.002017900114879012, 0.9956647753715515, 0.004693875554949045, 0.09287333488464355, 0]
[0.47896984219551086, -0.00022636645007878542, 0.16151012480258942, 0.0019843708723783493, 0.9958099722862244, 0.004613423254340887, 0.09130872040987015, 0]
[0.47937101125717163, -0.00022492290008813143, 0.15997932851314545, 0.0019507698016241193, 0.9959502816200256, 0.004534181207418442, 0.08976996690034866, 0]
[0.4797649085521698, -0.00022374745458364487, 0.1584741175174713, 0.0019181278767064214, 0.9960859417915344, 0.0044569941237568855, 0.08825702220201492, 0]
[0.48015105724334717, -0.00022246083244681358, 0.15699347853660583, 0.0018858615076169372, 0.9962170720100403, 0.0043802931904792786, 0.0867692083120346, 0]
[0.48053038120269775, -0.0002211149549111724, 0.15553788840770721, 0.0018541475292295218, 0.996343731880188, 0.004305066540837288, 0.08530675619840622, 0]
[0.4809022843837738, -0.0002199765294790268, 0.1541062295436859, 0.0018230730202049017, 0.9964662194252014, 0.004231415223330259, 0.083868607878685, 0]
[0.4812673032283783, -0.00021848059259355068, 0.1526986062526703, 0.001792319118976593, 0.9965845346450806, 0.004159329924732447, 0.08245497196912766, 0]
[0.48162543773651123, -0.00021719641517847776, 0.15131399035453796, 0.001762229367159307, 0.9966989159584045, 0.004088649991899729, 0.08106456696987152, 0]
[0.48197636008262634, -0.00021581538021564484, 0.14995236694812775, 0.0017326002707704902, 0.9968095421791077, 0.004018506500869989, 0.07969707995653152, 0]
[0.4823210835456848, -0.0002146136248484254, 0.14861354231834412, 0.0017034461488947272, 0.9969163537025452, 0.003949226811528206, 0.07835304737091064, 0]
[0.48265907168388367, -0.00021325855050235987, 0.14729668200016022, 0.0016748948255553842, 0.9970197677612305, 0.0038813380524516106, 0.07703127712011337, 0]
[0.48299089074134827, -0.0002119706477969885, 0.14600227773189545, 0.001646709511987865, 0.9971195459365845, 0.003814809489995241, 0.07573206722736359, 0]
[0.4833162724971771, -0.00021071441005915403, 0.14472904801368713, 0.0016190351452678442, 0.9972161054611206, 0.0037497193552553654, 0.07445428520441055, 0]
[0.483635812997818, -0.0002091423375532031, 0.143477201461792, 0.0015917856944724917, 0.9973092675209045, 0.003685495350509882, 0.07319872826337814, 0]
[0.4839489459991455, -0.00020780437625944614, 0.14224602282047272, 0.0015649159904569387, 0.9973995089530945, 0.003622127929702401, 0.07196339219808578, 0]
[0.4842565059661865, -0.0002065360313281417, 0.14103542268276215, 0.0015388152096420527, 0.9974864721298218, 0.003560326062142849, 0.07074937224388123, 0]
[0.48455798625946045, -0.00020507117733359337, 0.13984504342079163, 0.0015126938233152032, 0.9975707530975342, 0.0034993221051990986, 0.0695556104183197, 0]
[0.48485371470451355, -0.00020371668506413698, 0.13867418467998505, 0.001487353933043778, 0.9976521730422974, 0.003439446212723851, 0.06838162243366241, 0]
[0.4851437509059906, -0.00020237243734300137, 0.13752275705337524, 0.0014623206807300448, 0.9977308511734009, 0.0033803218975663185, 0.06722738593816757, 0]
[0.4854285717010498, -0.00020106718875467777, 0.13639074563980103, 0.0014377781189978123, 0.9978069067001343, 0.003322671400383115, 0.06609296798706055, 0]
[0.4857078790664673, -0.00019966857507824898, 0.13527758419513702, 0.0014136177487671375, 0.9978804588317871, 0.0032653193920850754, 0.06497740000486374, 0]
[0.48598170280456543, -0.00019826146308332682, 0.134182870388031, 0.001389755867421627, 0.9979514479637146, 0.003209885908290744, 0.0638803020119667, 0]
[0.4862508177757263, -0.00019674631766974926, 0.13310661911964417, 0.001366257667541504, 0.9980200529098511, 0.003154974663630128, 0.06280223280191422, 0]
[0.48651450872421265, -0.00019546516705304384, 0.13204814493656158, 0.0013435117434710264, 0.9980863928794861, 0.0031005253549665213, 0.06174209341406822, 0]
[0.48677313327789307, -0.0001940935617312789, 0.13100719451904297, 0.0013208307791501284, 0.9981505870819092, 0.0030476681422442198, 0.06069940701127052, 0]
[0.487027108669281, -0.00019252393394708633, 0.12998385727405548, 0.0012984700733795762, 0.9982125163078308, 0.0029955459758639336, 0.05967477709054947, 0]
[0.4872758388519287, -0.00019118550699204206, 0.12897731363773346, 0.0012766560539603233, 0.9982724189758301, 0.0029437337070703506, 0.058666959404945374, 0]
[0.48752036690711975, -0.00018987676594406366, 0.12798795104026794, 0.001255228416994214, 0.9983303546905518, 0.0028935980517417192, 0.05767662450671196, 0]
[0.48776015639305115, -0.00018851668573915958, 0.1270149201154709, 0.001234204275533557, 0.9983862638473511, 0.0028441164176911116, 0.05670288950204849, 0]
[0.48799535632133484, -0.00018705509137362242, 0.12605822086334229, 0.0012131850235164165, 0.9984403252601624, 0.0027951670344918966, 0.05574546009302139, 0]
[0.4882258474826813, -0.00018583668861538172, 0.1251172572374344, 0.00119302689563483, 0.9984926581382751, 0.0027469168417155743, 0.054803647100925446, 0]
[0.48845207691192627, -0.0001843571662902832, 0.12419195473194122, 0.0011728904210031033, 0.9985431432723999, 0.002699960023164749, 0.0538780614733696, 0]
[0.48867395520210266, -0.00018282723613083363, 0.12328220158815384, 0.001153258141130209, 0.9985920190811157, 0.0026540427934378386, 0.05296808481216431, 0]
[0.48889198899269104, -0.00018154119607061148, 0.12238772213459015, 0.0011338575277477503, 0.9986392259597778, 0.0026081549003720284, 0.05207366868853569, 0]
[0.4891057312488556, -0.00018022686708718538, 0.12150828540325165, 0.001114676590077579, 0.9986848831176758, 0.002563230460509658, 0.05119394510984421, 0]
[0.4893152415752411, -0.0001787954242900014, 0.12064343690872192, 0.0010959955397993326, 0.9987289309501648, 0.002518915571272373, 0.050329338759183884, 0]
[0.489520788192749, -0.00017745373770594597, 0.11979265511035919, 0.001077782828360796, 0.9987715482711792, 0.002476276131346822, 0.04947899281978607, 0]
[0.4897225797176361, -0.0001760880695655942, 0.11895657330751419, 0.0010595709318295121, 0.9988126754760742, 0.002433932851999998, 0.04864313080906868, 0]
[0.489920437335968, -0.00017472647596150637, 0.1181342601776123, 0.0010418073507025838, 0.9988524913787842, 0.0023922082036733627, 0.04782140254974365, 0]
[0.4901145100593567, -0.00017322739586234093, 0.11732586473226547, 0.0010241917334496975, 0.9988908767700195, 0.0023512388579547405, 0.04701343923807144, 0]
[0.49030494689941406, -0.00017178652342408895, 0.11653070151805878, 0.0010068120900541544, 0.9989281892776489, 0.0023107153829187155, 0.04621914401650429, 0]
[0.49049192667007446, -0.0001705229515209794, 0.11574926972389221, 0.0009901077719405293, 0.9989640116691589, 0.002270684577524662, 0.04543857276439667, 0]
[0.49067509174346924, -0.00016921386122703552, 0.11498060822486877, 0.000973446003627032, 0.998998761177063, 0.0022312444634735584, 0.04467072710394859, 0]
[0.4908548891544342, -0.0001680178102105856, 0.11422495543956757, 0.0009571505361236632, 0.9990323781967163, 0.002193253953009844, 0.043915826827287674, 0]
[0.4911101460456848, -0.000154003850184381, 0.1136118695139885, 0.0009414866217412055, 0.9990555644035339, 0.002188523067161441, 0.04338469356298447, 0]
[0.49149903655052185, -0.00011818564962595701, 0.11373870819807053, 0.0009243788081221282, 0.9990554451942444, 0.0021466324105858803, 0.04339172691106796, 0]
[0.49177372455596924, -6.333133205771446e-05, 0.1139061450958252, 0.0009143293718807399, 0.9990588426589966, 0.0021256026811897755, 0.04331293702125549, 0]
[0.49200117588043213, -0.00011413206811994314, 0.11403241008520126, 0.0009244026732631028, 0.9990653991699219, 0.0020015824120491743, 0.04316719248890877, 0]
[0.4921887516975403, -0.00011523824650794268, 0.11415695399045944, 0.0009244898683391511, 0.9990731477737427, 0.0019337518606334925, 0.04299093410372734, 0]
[0.4923784136772156, -0.0001240114215761423, 0.11429204791784286, 0.0009318993543274701, 0.9990800023078918, 0.001876377617008984, 0.04283423721790314, 0]
[0.4925822615623474, -8.925341535359621e-05, 0.11443227529525757, 0.0009261328959837556, 0.9990857839584351, 0.0018566773505881429, 0.042699988931417465, 0]
[0.4927833378314972, -0.00012838048860430717, 0.11455510556697845, 0.0009408235782757401, 0.9990922212600708, 0.001771237701177597, 0.04255283251404762, 0]
[0.49300137162208557, -0.00012552354019135237, 0.11469313502311707, 0.0009470896329730749, 0.9990968108177185, 0.0017445295816287398, 0.04244452342391014, 0]
[0.49321743845939636, -0.00013378821313381195, 0.11481968313455582, 0.0009604553924873471, 0.9991018176078796, 0.001715362654067576, 0.04232735559344292, 0]
[0.4934277832508087, -9.893567766994238e-05, 0.11498351395130157, 0.0009584460058249533, 0.9991054534912109, 0.0017222085734829307, 0.04224028438329697, 0]
[0.4936622679233551, -0.00013762677554041147, 0.11515246331691742, 0.0009906566701829433, 0.999108076095581, 0.0016932711005210876, 0.04217928275465965, 0]
[0.4939388334751129, -0.00015454459935426712, 0.11527261883020401, 0.0009970397222787142, 0.9991098642349243, 0.0016493488801643252, 0.04213825985789299, 0]
[0.49416983127593994, -0.00015868840273469687, 0.11536411195993423, 0.0010004417272284627, 0.9991142749786377, 0.00160005665384233, 0.042037565261125565, 0]
[0.49438485503196716, -0.00015829887706786394, 0.11552103608846664, 0.0010086472611874342, 0.9991169571876526, 0.0015694211469963193, 0.041973404586315155, 0]
[0.4946322739124298, -0.00017131934873759747, 0.1156921535730362, 0.0010267146863043308, 0.9991177916526794, 0.0015462023438885808, 0.041951797902584076, 0]
[0.49487608671188354, -0.00016137468628585339, 0.11587215214967728, 0.0010385834611952305, 0.9991185069084167, 0.0015563046326860785, 0.04193614423274994, 0]
[0.4951256811618805, -0.00014346232637763023, 0.11604852974414825, 0.0010526655241847038, 0.9991188645362854, 0.0015842056600376964, 0.04192778095602989, 0]
[0.49537262320518494, -0.0001358167501166463, 0.1162099614739418, 0.001070097554475069, 0.9991194009780884, 0.0016081166686490178, 0.04191182926297188, 0]
[0.4956122636795044, -0.0001241393620148301, 0.11635980010032654, 0.0010868078097701073, 0.9991203546524048, 0.0016360798617824912, 0.04188760370016098, 0]
[0.49586236476898193, -0.00011290132533758879, 0.11649355292320251, 0.0011029941961169243, 0.9991210103034973, 0.0016676350496709347, 0.041870344430208206, 0]
[0.49610257148742676, -8.750869892537594e-05, 0.1166376918554306, 0.0011172888334840536, 0.9991215467453003, 0.0017098130192607641, 0.04185476526618004, 0]
[0.49630647897720337, -0.00011013494804501534, 0.11674129962921143, 0.0011444247793406248, 0.9991250038146973, 0.0017125285230576992, 0.041771531105041504, 0]
[0.4964696764945984, -0.0001262242440134287, 0.11679717898368835, 0.0011677521979436278, 0.9991308450698853, 0.0017115999944508076, 0.04163050651550293, 0]
[0.4966077506542206, -0.00017656025011092424, 0.1168152242898941, 0.0011895251227542758, 0.9991384744644165, 0.0016650308389216661, 0.041450176388025284, 0]
[0.496726930141449, -0.00011262740008533001, 0.11689059436321259, 0.0011901692487299442, 0.9991447925567627, 0.0017302302876487374, 0.04129486158490181, 0]
[0.49685919284820557, -0.00016051565762609243, 0.11694959551095963, 0.0012235654285177588, 0.9991511106491089, 0.0016996811609715223, 0.04114124923944473, 0]
[0.49698129296302795, -0.00015253608580678701, 0.11702236533164978, 0.0012343624839559197, 0.9991570115089417, 0.0017183508025482297, 0.04099598154425621, 0]
[0.49710750579833984, -0.00013288832269608974, 0.1170826405286789, 0.0012510959059000015, 0.9991629719734192, 0.0017534901853650808, 0.04084790125489235, 0]
[0.4972192049026489, -0.00017054646741598845, 0.11713626980781555, 0.001280010212212801, 0.9991695880889893, 0.0017427656566724181, 0.04068511351943016, 0]
[0.49732705950737, -0.00014223286416381598, 0.11719588935375214, 0.0012918513966724277, 0.9991759061813354, 0.0017921860562637448, 0.040529895573854446, 0]
[0.4974652826786041, -0.0001300182193517685, 0.11722879111766815, 0.0013088571140542626, 0.9991813898086548, 0.0018280934309586883, 0.04039272293448448, 0]
[0.4975852072238922, -0.0001397395972162485, 0.11727557331323624, 0.0013314044335857034, 0.9991871118545532, 0.0018457153346389532, 0.04024970158934593, 0]
[0.4977068305015564, -0.00013111066073179245, 0.11734181642532349, 0.0013491451973095536, 0.9991919994354248, 0.0018800301477313042, 0.04012584686279297, 0]
[0.49783337116241455, -0.00012797617819160223, 0.11742546409368515, 0.0013701387215405703, 0.9991961717605591, 0.0019141596276313066, 0.04001946374773979, 0]
[0.49796435236930847, -0.00011804618407040834, 0.11751154065132141, 0.0013888673856854439, 0.9991998076438904, 0.001952917198650539, 0.039924636483192444, 0]
[0.4980638027191162, -0.00011799356434494257, 0.1175861582159996, 0.001408737269230187, 0.999205470085144, 0.001973188016563654, 0.039782509207725525, 0]
[0.49806076288223267, -0.00014228373765945435, 0.11761195957660675, 0.001435380894690752, 0.9992159605026245, 0.0019778283312916756, 0.039516616612672806, 0]
[0.4980730414390564, -0.0002448270097374916, 0.11756117641925812, 0.001476204372011125, 0.9992273449897766, 0.0018926843767985702, 0.03922965005040169, 0]
[0.49805310368537903, -0.0002987150801345706, 0.11746367067098618, 0.0014969573821872473, 0.9992408156394958, 0.0018441857537254691, 0.038885921239852905, 0]
[0.4979969263076782, -0.0002769830171018839, 0.1173701360821724, 0.001496289623901248, 0.9992550611495972, 0.001859124400652945, 0.03851976618170738, 0]
[0.49794456362724304, -0.0002015833742916584, 0.11728125810623169, 0.0014861361123621464, 0.9992685914039612, 0.0019165929406881332, 0.038162585347890854, 0]
[0.4978831112384796, -0.0002191800158470869, 0.11719383299350739, 0.0015017116675153375, 0.9992823004722595, 0.0018913147505372763, 0.037800710648298264, 0]
[0.49782758951187134, -0.00020902103278785944, 0.11711935698986053, 0.001499474048614502, 0.9992951154708862, 0.0018757679499685764, 0.03746344521641731, 0]
[0.49779632687568665, -0.00019137084018439054, 0.11706692725419998, 0.0015017464756965637, 0.999306321144104, 0.0018689552089199424, 0.03716349974274635, 0]
[0.4977773427963257, -0.00021192675922065973, 0.11702828109264374, 0.0015095336129888892, 0.9993165135383606, 0.0018286800477653742, 0.0368894524872303, 0]
[0.497776061296463, -0.00018633867148309946, 0.11700314283370972, 0.001505139167420566, 0.9993255138397217, 0.0018251804867759347, 0.03664444759488106, 0]
[0.49777841567993164, -0.00017584313172847033, 0.11698883771896362, 0.0015050763031467795, 0.999333918094635, 0.00180710363201797, 0.036415740847587585, 0]
[0.4978010654449463, -0.0001798461889848113, 0.11698511987924576, 0.0015077709686011076, 0.9993411898612976, 0.0017749413382261992, 0.03621558099985123, 0]
[0.49783095717430115, -0.00017791346181184053, 0.11698711663484573, 0.0015080847078934312, 0.999347984790802, 0.0017492385813966393, 0.03602908179163933, 0]
[0.4978645145893097, -0.00017183495219796896, 0.11699298024177551, 0.001508238143287599, 0.9993544220924377, 0.001728928997181356, 0.03585159778594971, 0]
[0.49789929389953613, -0.0001752262469381094, 0.1169995442032814, 0.0015115225687623024, 0.9993606209754944, 0.0017033929470926523, 0.03567877784371376, 0]
[0.4979356825351715, -0.00017198070418089628, 0.11700762808322906, 0.0015128626255318522, 0.9993667006492615, 0.0016856944421306252, 0.03551216423511505, 0]
[0.497972309589386, -0.00016938464250415564, 0.11701679229736328, 0.0015152508858591318, 0.9993724226951599, 0.0016694472869858146, 0.035349104553461075, 0]
[0.4980092942714691, -0.00017015892080962658, 0.1170259490609169, 0.001518580480478704, 0.9993780851364136, 0.0016525188693776727, 0.03518984839320183, 0]
[0.49804651737213135, -0.00016726902686059475, 0.11703622341156006, 0.0015210052952170372, 0.9993835687637329, 0.0016403881600126624, 0.03503473848104477, 0]
[0.49808409810066223, -0.00015787628944963217, 0.11705396324396133, 0.0015208203112706542, 0.9993886351585388, 0.0016326754121109843, 0.03488961607217789, 0]
[0.498136043548584, -0.0001422662753611803, 0.11709475517272949, 0.0015224014641717076, 0.9993926286697388, 0.0016353344544768333, 0.03477470949292183, 0]
[0.4981958270072937, -0.00016339740250259638, 0.11711235344409943, 0.001530875451862812, 0.9993968605995178, 0.0016051378333941102, 0.03465483337640762, 0]
[0.49824920296669006, -0.00014803593512624502, 0.1171337366104126, 0.0015294426120817661, 0.9994009733200073, 0.001607899321243167, 0.03453559800982475, 0]
[0.4983024299144745, -0.00014731031842529774, 0.11714944988489151, 0.001534907380118966, 0.9994052052497864, 0.0016007248777896166, 0.034413907676935196, 0]
[0.49834737181663513, -0.00016641337424516678, 0.11716581881046295, 0.0015466267941519618, 0.9994096755981445, 0.0015837475657463074, 0.03428500518202782, 0]
[0.4983759820461273, -0.00018518930301070213, 0.11716579645872116, 0.0015572787960991263, 0.99941486120224, 0.001570774707943201, 0.034133292734622955, 0]
[0.4983956515789032, -0.00016358785796910524, 0.11716045439243317, 0.0015580259496346116, 0.9994202852249146, 0.0015920877922326326, 0.033973656594753265, 0]
[0.49840936064720154, -0.0001692629884928465, 0.11715259402990341, 0.0015680358046665788, 0.9994258284568787, 0.0015917259734123945, 0.03380894288420677, 0]
[0.49842581152915955, -0.00017209199722856283, 0.11714848130941391, 0.0015744453994557261, 0.9994311332702637, 0.001592960674315691, 0.033653587102890015, 0]
[0.49844691157341003, -0.0001577618531882763, 0.11714950203895569, 0.0015771203907206655, 0.9994358420372009, 0.0016063840594142675, 0.03350846841931343, 0]
[0.4984690248966217, -0.00016350194346159697, 0.1171499639749527, 0.0015852437354624271, 0.9994406700134277, 0.0016028345562517643, 0.03336631879210472, 1]
[0.49849367141723633, -0.0001615450019016862, 0.11715362221002579, 0.0015896415570750833, 0.9994450807571411, 0.0016051484271883965, 0.03323206678032875, 1]
[0.4985201954841614, -0.000153376255184412, 0.11715950071811676, 0.0015931726666167378, 0.9994493722915649, 0.0016119182109832764, 0.03310292586684227, 1]
[0.4985470771789551, -0.000157936941832304, 0.11716479063034058, 0.0015999070601537824, 0.9994535446166992, 0.0016081862850114703, 0.032976724207401276, 1]
[0.49857568740844727, -0.00015394610818475485, 0.11717270314693451, 0.0016033767024055123, 0.9994575381278992, 0.0016112708253785968, 0.03285619243979454, 1]
[0.4986325204372406, -8.906237781047821e-05, 0.1171908751130104, 0.0015544823836535215, 0.9994597434997559, 0.0016106448601931334, 0.03278956189751625, 1]
[0.498683363199234, -0.00011290109250694513, 0.11704851686954498, 0.0015413170913234353, 0.9994659423828125, 0.0015012843068689108, 0.032608356326818466, 1]
[0.4987322986125946, -0.0001391137484461069, 0.11709839105606079, 0.0015166397206485271, 0.9994680881500244, 0.0013656012015417218, 0.032551974058151245, 1]
[0.4987427592277527, -0.00012471608351916075, 0.11709004640579224, 0.0014919418608769774, 0.9994724988937378, 0.0012895547552034259, 0.0324171744287014, 1]
[0.4987542927265167, -0.0001600305549800396, 0.11706431210041046, 0.0014791804132983088, 0.999477207660675, 0.0011694534914568067, 0.032277628779411316, 1]
[0.4987882971763611, -0.00016205280553549528, 0.11708095669746399, 0.0014608859783038497, 0.9994803071022034, 0.0010956269688904285, 0.03218463063240051, 1]
[0.4988108277320862, -0.00015929085202515125, 0.11708327382802963, 0.001447309390641749, 0.9994838237762451, 0.001043275697156787, 0.032076504081487656, 1]
[0.4979592263698578, -0.0001636019442230463, 0.11810479313135147, 0.0013858245220035315, 0.9995671510696411, 0.0010400294559076428, 0.02936900407075882, 1]
[0.49714452028274536, -0.0001941515365615487, 0.12022410333156586, 0.0013312808005139232, 0.9996238946914673, 0.0009349628817290068, 0.027378493919968605, 1]
[0.4967096149921417, -0.00021523656323552132, 0.12287638336420059, 0.0012906414922326803, 0.9996581077575684, 0.0008587256306782365, 0.026098407804965973, 1]
[0.4965141713619232, -0.00022930721752345562, 0.12580008804798126, 0.0012571326224133372, 0.9996802806854248, 0.0008011165773496032, 0.02523905411362648, 1]
[0.49645334482192993, -0.00023954815696924925, 0.1288517266511917, 0.0012282651150599122, 0.999695897102356, 0.0007546022534370422, 0.02461843192577362, 1]
[0.496465802192688, -0.0002468077000230551, 0.13195042312145233, 0.0012014788808301091, 0.9997077584266663, 0.0007149783195927739, 0.024132732301950455, 1]
[0.4965175986289978, -0.00025278108660131693, 0.13505184650421143, 0.0011760666966438293, 0.9997175931930542, 0.0006789288599975407, 0.023723682388663292, 1]
[0.49658888578414917, -0.0002571925288066268, 0.13813020288944244, 0.0011514740763232112, 0.9997262954711914, 0.000645813241135329, 0.023357130587100983, 1]
[0.4966694116592407, -0.0002608231734484434, 0.1411718875169754, 0.0011272080009803176, 0.9997342228889465, 0.0006143787759356201, 0.0230148583650589, 1]
[0.4967426359653473, -0.0002643680199980736, 0.14415448904037476, 0.0011018558871001005, 0.999742329120636, 0.0005809026770293713, 0.022664586082100868, 1]
[0.49678555130958557, -0.0002674981951713562, 0.14704515039920807, 0.0010741909500211477, 0.9997513890266418, 0.0005443114205263555, 0.02226417139172554, 1]
[0.49681058526039124, -0.000269667012616992, 0.1498628407716751, 0.0010458003962412477, 0.9997608065605164, 0.0005082104471512139, 0.02183893509209156, 1]
[0.49682560563087463, -0.0002720393240451813, 0.1526196151971817, 0.00101677724160254, 0.9997702836990356, 0.0004718620330095291, 0.02140270359814167, 1]
[0.49683448672294617, -0.0002738373586907983, 0.15532194077968597, 0.000987327890470624, 0.9997797012329102, 0.0004360215971246362, 0.020962603390216827, 1]
[0.4968394935131073, -0.0002751637948676944, 0.15797361731529236, 0.000957851589191705, 0.999788761138916, 0.00040084042120724916, 0.020522352308034897, 1]
[0.49684199690818787, -0.00027614086866378784, 0.16057734191417694, 0.0009282039245590568, 0.9997977614402771, 0.0003666642587631941, 0.020085042342543602, 1]
[0.4968430697917938, -0.0002767738187685609, 0.16313524544239044, 0.0008983707521110773, 0.9998064637184143, 0.00033286266261711717, 0.01965128257870674, 1]
[0.4968431293964386, -0.0002772303996607661, 0.16564872860908508, 0.0008684539934620261, 0.9998148083686829, 0.000299794424790889, 0.019222361966967583, 1]
[0.4968419075012207, -0.00027749070432037115, 0.16811811923980713, 0.0008388274000026286, 0.9998229742050171, 0.00026715273270383477, 0.018797529861330986, 1]
[0.49683958292007446, -0.0002773940796032548, 0.17054452002048492, 0.0008090391056612134, 0.9998307824134827, 0.0002353469462832436, 0.01837746426463127, 1]
[0.4968370199203491, -0.00027684320230036974, 0.1729298233985901, 0.0007790394593030214, 0.9998382925987244, 0.00020436334307305515, 0.017963146790862083, 1]
[0.496833473443985, -0.0002759138587862253, 0.17527340352535248, 0.0007491529686376452, 0.999845564365387, 0.00017440863302908838, 0.017553066834807396, 1]
[0.4968290627002716, -0.0002749762497842312, 0.17757661640644073, 0.000719377538189292, 0.99985271692276, 0.00014470776659436524, 0.01714789681136608, 1]
[0.49682414531707764, -0.00027390464674681425, 0.17984002828598022, 0.000689648964907974, 0.9998594522476196, 0.00011566671309992671, 0.01674768514931202, 1]
[0.49681809544563293, -0.00027226225938647985, 0.1820639818906784, 0.0006597839528694749, 0.9998660087585449, 8.739249460631981e-05, 0.01635165698826313, 1]
[0.49681204557418823, -0.0002704125363379717, 0.18424999713897705, 0.0006299880333244801, 0.9998723268508911, 5.961671195109375e-05, 0.015960974618792534, 1]
[0.4968056082725525, -0.00026886211708188057, 0.18639859557151794, 0.0006004455499351025, 0.999878466129303, 3.2521576940780506e-05, 0.015575502067804337, 1]
[0.49679797887802124, -0.0002665608190000057, 0.1885094791650772, 0.0005706709926016629, 0.9998843669891357, 5.944717941019917e-06, 0.015193578787147999, 1]
[0.4967903196811676, -0.00026422692462801933, 0.19058433175086975, 0.0005411870661191642, 0.9998900890350342, -1.9823402908514254e-05, 0.014817099086940289, 1]
[0.4967823028564453, -0.00026196648832410574, 0.1926233172416687, 0.0005118897533975542, 0.9998955130577087, -4.488481499720365e-05, 0.014445221982896328, 1]
[0.49677377939224243, -0.00025926483795046806, 0.19462691247463226, 0.0004823991912417114, 0.9999008178710938, -6.961288454476744e-05, 0.014077713713049889, 1]
[0.49676474928855896, -0.0002566514303907752, 0.1965961456298828, 0.00045328252599574625, 0.9999057650566101, -9.406860772287473e-05, 0.013714669272303581, 1]
[0.49675512313842773, -0.0002540400018915534, 0.19853101670742035, 0.0004240591952111572, 0.9999107122421265, -0.00011805795656982809, 0.01335587166249752, 1]
[0.49674516916275024, -0.000250644632615149, 0.2004322111606598, 0.0003949379315599799, 0.999915361404419, -0.00014091920456849039, 0.01300109550356865, 1]
[0.49673545360565186, -0.0002478659152984619, 0.20230135321617126, 0.00036628611269406974, 0.9999199509620667, -0.00016369043441955, 0.01265181414783001, 1]
[0.4967249035835266, -0.0002448498271405697, 0.20413783192634583, 0.00033743385574780405, 0.9999241828918457, -0.00018575979629531503, 0.012306217104196548, 1]
[0.4967140853404999, -0.00024209893308579922, 0.20594240725040436, 0.00030897505348548293, 0.99992835521698, -0.0002078978723147884, 0.011964671313762665, 1]
[0.4967033565044403, -0.00023891020100563765, 0.2077164351940155, 0.00028041136101819575, 0.9999323487281799, -0.00022914650617167354, 0.01162793394178152, 1]
[0.49669206142425537, -0.00023568188771605492, 0.20945915579795837, 0.0002521565475035459, 0.999936044216156, -0.0002505010343156755, 0.011294899508357048, 1]
[0.49668073654174805, -0.00023263460025191307, 0.21117223799228668, 0.00022401758178602904, 0.9999397397041321, -0.00027109560323879123, 0.010966538451611996, 1]
[0.49666905403137207, -0.00022956065367907286, 0.21285533905029297, 0.0001959994697244838, 0.9999432563781738, -0.000291752046905458, 0.010641730390489101, 1]
[0.4966571033000946, -0.00022632908076047897, 0.21450959146022797, 0.00016816989227663726, 0.9999465942382812, -0.00031156750628724694, 0.01032132375985384, 1]
[0.49664533138275146, -0.00022326514590531588, 0.2161354422569275, 0.00014058846863918006, 0.9999499320983887, -0.00033083895687013865, 0.010005236603319645, 1]
[0.4966331422328949, -0.0002201066818088293, 0.21773310005664825, 0.00011294705473119393, 0.9999528527259827, -0.00034994742600247264, 0.009693296626210213, 1]
[0.49662086367607117, -0.00021714065223932266, 0.21930311620235443, 8.582139707868919e-05, 0.9999558329582214, -0.00036875548539683223, 0.009384681470692158, 1]
[0.49660831689834595, -0.00021394109353423119, 0.2208458036184311, 5.856778807356022e-05, 0.9999587535858154, -0.000387069332646206, 0.009080070070922375, 1]
[0.49659547209739685, -0.00021103571634739637, 0.22236162424087524, 3.1577583285979927e-05, 0.9999613761901855, -0.0004054236924275756, 0.008778750896453857, 1]
[0.4965828061103821, -0.00020822579972445965, 0.22385157644748688, 4.76286186312791e-06, 0.9999639391899109, -0.000423607969423756, 0.008481939323246479, 1]
[0.49656978249549866, -0.00020519678946584463, 0.22531570494174957, -2.175130975956563e-05, 0.9999664425849915, -0.00044096310739405453, 0.00818872544914484, 1]
[0.4965565800666809, -0.00020229490473866463, 0.2267540544271469, -4.8112968215718865e-05, 0.9999687075614929, -0.00045815875637345016, 0.007899033837020397, 1]
[0.4965429902076721, -0.0001992507604882121, 0.22816769778728485, -7.46600198908709e-05, 0.9999709129333496, -0.0004749793733935803, 0.007612467743456364, 1]
[0.496529757976532, -0.00019648880697786808, 0.22955702245235443, -0.00010047837713500485, 0.9999731183052063, -0.0004915727768093348, 0.007330202031880617, 1]
[0.4965163767337799, -0.00019366457127034664, 0.23092249035835266, -0.0001264822785742581, 0.9999750852584839, -0.0005078933318145573, 0.007051493041217327, 1]
[0.49650296568870544, -0.00019082054495811462, 0.23226411640644073, -0.000152101885760203, 0.9999768733978271, -0.0005237472360022366, 0.006776625290513039, 1]
[0.4964892864227295, -0.00018809421453624964, 0.23358243703842163, -0.0001777419965947047, 0.9999786615371704, -0.0005395702901296318, 0.00650468934327364, 1]
[0.49647581577301025, -0.00018566835206001997, 0.23487800359725952, -0.0002030350879067555, 0.9999803304672241, -0.0005553580122068524, 0.006236630026251078, 1]
[0.4964620769023895, -0.00018303969409316778, 0.23615142703056335, -0.0002281261986354366, 0.9999819993972778, -0.0005705516668967903, 0.005971822887659073, 1]
[0.4964483976364136, -0.00018041732255369425, 0.23740242421627045, -0.0002531867357902229, 0.9999834895133972, -0.0005856067291460931, 0.00571038480848074, 1]
[0.4964347779750824, -0.0001781708560883999, 0.2386319935321808, -0.00027790755848400295, 0.999984860420227, -0.0006007499760016799, 0.0054522547870874405, 1]
[0.4964209794998169, -0.00017564569134265184, 0.23984023928642273, -0.0003023174067493528, 0.9999862313270569, -0.0006152429268695414, 0.005197240971028805, 1]
[0.4964074194431305, -0.00017343589570373297, 0.241027370095253, -0.00032655519316904247, 0.9999876022338867, -0.0006295535713434219, 0.004945850465446711, 1]
[0.49639376997947693, -0.00017102702986449003, 0.24219439923763275, -0.00035085182753391564, 0.9999887347221375, -0.0006439113640226424, 0.004697846248745918, 1]
[0.49638041853904724, -0.0001690672943368554, 0.243341326713562, -0.00037464575143530965, 0.9999898076057434, -0.000657884927932173, 0.0044531808234751225, 1]
[0.49636662006378174, -0.0001667640171945095, 0.24446828663349152, -0.00039839305100031197, 0.9999907612800598, -0.0006713579641655087, 0.004211191087961197, 1]
[0.4963528513908386, -0.0001647433964535594, 0.24557536840438843, -0.0004220501577947289, 0.9999916553497314, -0.0006850622012279928, 0.003972467500716448, 1]
[0.49633923172950745, -0.00016284198500216007, 0.24666352570056915, -0.00044524535769596696, 0.9999926686286926, -0.0006981138722039759, 0.0037366857286542654, 1]
[0.49632591009140015, -0.0001610639737918973, 0.2477334439754486, -0.00046841579023748636, 0.9999934434890747, -0.0007113637402653694, 0.0035048138815909624, 1]
[0.49631232023239136, -0.00015926500782370567, 0.2487841546535492, -0.0004913383745588362, 0.999994158744812, -0.0007246666355058551, 0.003275482449680567, 1]
[0.49629858136177063, -0.000157287809997797, 0.24981656670570374, -0.0005141834844835103, 0.9999949932098389, -0.0007372071268036962, 0.003048508893698454, 1]
[0.4962848722934723, -0.0001555909402668476, 0.2508312463760376, -0.0005365604301914573, 0.9999956488609314, -0.0007498501217924058, 0.0028249905444681644, 1]
[0.49627140164375305, -0.00015396426897495985, 0.25182849168777466, -0.0005590210785157979, 0.9999961256980896, -0.000762160518206656, 0.002604250330477953, 1]
[0.4962579905986786, -0.00015242025256156921, 0.2528083920478821, -0.0005809845170006156, 0.9999967813491821, -0.0007745377952232957, 0.002386542037129402, 1]
[0.4962446987628937, -0.0001508711138740182, 0.2537718117237091, -0.0006031296798028052, 0.9999971985816956, -0.0007862629718147218, 0.0021718202624469995, 1]
[0.4962316155433655, -0.0001494871685281396, 0.2547183334827423, -0.0006246553384698927, 0.9999975562095642, -0.0007983171963132918, 0.0019597073551267385, 1]
[0.496218204498291, -0.00014771835412830114, 0.25564828515052795, -0.0006462695309892297, 0.9999978542327881, -0.0008098733378574252, 0.0017504374263808131, 1]
[0.4962051212787628, -0.00014628947246819735, 0.2565620541572571, -0.0006677198689430952, 0.9999982714653015, -0.0008213263936340809, 0.0015440733404830098, 1]
[0.4961923360824585, -0.00014525908045470715, 0.2574605345726013, -0.0006887846975587308, 0.9999985098838806, -0.0008327402756549418, 0.001340921618975699, 1]
[0.49617934226989746, -0.00014384114183485508, 0.25834327936172485, -0.000709802785422653, 0.9999987483024597, -0.0008440231322310865, 0.0011399376671761274, 1]
[0.4961664378643036, -0.00014266371726989746, 0.25921085476875305, -0.0007305860053747892, 0.999998927116394, -0.0008549370104447007, 0.0009412436629645526, 1]
[0.49615368247032166, -0.0001412513665854931, 0.2600633203983307, -0.0007512306328862906, 0.9999990463256836, -0.0008655576384626329, 0.0007459016633220017, 1]
[0.49614089727401733, -0.00014031364116817713, 0.2609008252620697, -0.0007713552913628519, 0.9999991655349731, -0.0008761854260228574, 0.0005524385487660766, 1]
[0.4961279332637787, -0.0001391966361552477, 0.2617236077785492, -0.0007917210459709167, 0.9999992251396179, -0.0008868444128893316, 0.0003615969617385417, 1]
[0.496115505695343, -0.0001381282927468419, 0.2625327706336975, -0.0008115672972053289, 0.9999992847442627, -0.0008972299983724952, 0.000173883861862123, 1]
[0.4961029291152954, -0.00013699301052838564, 0.26332777738571167, -0.0008315128507092595, 0.9999991655349731, -0.0009073391556739807, -1.179758328362368e-05, 1]
[0.4960903823375702, -0.00013625109568238258, 0.26410871744155884, -0.0008509741746820509, 0.9999992251396179, -0.0009175906307063997, -0.00019495570450089872, 1]
[0.496078222990036, -0.00013522151857614517, 0.2648766040802002, -0.0008703962666913867, 0.9999992251396179, -0.0009275584598071873, -0.00037533085560426116, 1]
[0.4960658550262451, -0.00013427529484033585, 0.26563093066215515, -0.0008895964128896594, 0.9999989867210388, -0.0009370200568810105, -0.0005538199911825359, 1]
[0.4960538148880005, -0.0001334871631115675, 0.26637253165245056, -0.0009085394558496773, 0.9999988675117493, -0.0009467821219004691, -0.0007296172552742064, 1]
[0.49604156613349915, -0.00013284431770443916, 0.26710084080696106, -0.0009274170733988285, 0.9999986290931702, -0.0009564960491843522, -0.0009033360402099788, 1]
[0.4960295557975769, -0.00013204244896769524, 0.2678166329860687, -0.0009459109278395772, 0.9999985098838806, -0.0009656895417720079, -0.0010744469473138452, 1]
[0.49601760506629944, -0.00013109866995364428, 0.26852038502693176, -0.0009644986130297184, 0.9999982118606567, -0.0009746928117237985, -0.0012433609226718545, 1]
[0.49600574374198914, -0.00013058970216661692, 0.2692117989063263, -0.0009828634792938828, 0.9999979734420776, -0.000983786303550005, -0.0014100815169513226, 1]
[0.49599412083625793, -0.00012976955622434616, 0.26989132165908813, -0.0010007366072386503, 0.9999977350234985, -0.000992586836218834, -0.001574207446537912, 1]
[0.4959823489189148, -0.0001292130909860134, 0.2705586850643158, -0.001018716488033533, 0.9999973773956299, -0.0010013941209763288, -0.0017365884268656373, 1]
[0.49597087502479553, -0.00012855546083301306, 0.2712152600288391, -0.001036443980410695, 0.9999971389770508, -0.001010052626952529, -0.0018963346956297755, 1]
[0.49595946073532104, -0.0001279717544093728, 0.2718600630760193, -0.001053792191669345, 0.9999968409538269, -0.0010184113634750247, -0.002053959062322974, 1]
[0.49594801664352417, -0.00012737000361084938, 0.27249354124069214, -0.001071073696948588, 0.9999964237213135, -0.00102671526838094, -0.002209989819675684, 1]
[0.49593693017959595, -0.00012678909115493298, 0.2731165587902069, -0.0010884428629651666, 0.9999960064888, -0.001034931861795485, -0.0023632433731108904, 1]
[0.49592581391334534, -0.00012653646990656853, 0.27372869849205017, -0.0011053329799324274, 0.9999956488609314, -0.0010432777926325798, -0.0025145148392766714, 1]
[0.4959148168563843, -0.00012598256580531597, 0.274330198764801, -0.0011221921304240823, 0.999995231628418, -0.0010511205764487386, -0.002663674997165799, 1]
[0.4959038496017456, -0.0001255180686712265, 0.2749212384223938, -0.001138643128797412, 0.9999948740005493, -0.0010590340243652463, -0.002810797654092312, 1]
[0.49589309096336365, -0.00012500921729952097, 0.27550208568573, -0.0011552578071132302, 0.9999943375587463, -0.001066685188561678, -0.002956116572022438, 1]
[0.495882511138916, -0.00012458418495953083, 0.2760731279850006, -0.0011713275453075767, 0.9999938607215881, -0.0010741243604570627, -0.003099073888733983, 1]
[0.4958719313144684, -0.00012411933857947588, 0.2766338884830475, -0.0011874415213242173, 0.9999935030937195, -0.0010815284913405776, -0.0032402651850134134, 1]
[0.4958615005016327, -0.00012386823073029518, 0.277185320854187, -0.001203471445478499, 0.9999930262565613, -0.0010891424026340246, -0.0033792341127991676, 1]
[0.4958510994911194, -0.00012351851910352707, 0.2777271270751953, -0.0012190531706437469, 0.9999924898147583, -0.0010961261577904224, -0.0035166696179658175, 1]
[0.4958406686782837, -0.00012331269681453705, 0.2782594561576843, -0.001234839204698801, 0.9999918937683105, -0.0011034170165657997, -0.0036526715848594904, 1]
[0.49583038687705994, -0.00012280535884201527, 0.27878257632255554, -0.0012500857701525092, 0.9999914169311523, -0.001110306242480874, -0.0037865894846618176, 1]
[0.4958202540874481, -0.0001225690357387066, 0.279296875, -0.0012654082383960485, 0.9999908804893494, -0.001117177540436387, -0.003918779548257589, 1]
[0.49581024050712585, -0.00012234412133693695, 0.2798019051551819, -0.0012802369892597198, 0.9999902844429016, -0.0011238295119255781, -0.004049109760671854, 1]
[0.4958004653453827, -0.0001219847472384572, 0.2802985608577728, -0.0012950915843248367, 0.9999898076057434, -0.0011305755469948053, -0.004176978021860123, 1]
[0.4957904815673828, -0.00012186658568680286, 0.2807864248752594, -0.0013097752816975117, 0.9999892711639404, -0.001136988284997642, -0.004303877241909504, 1]
[0.4957808256149292, -0.00012121303007006645, 0.2812659740447998, -0.00132457772269845, 0.9999886751174927, -0.0011432243045419455, -0.004428882151842117, 1]
[0.495771199464798, -0.00012106832582503557, 0.2817371189594269, -0.0013388639781624079, 0.9999880790710449, -0.0011498084058985114, -0.004552037920802832, 1]
[0.49576178193092346, -0.00012086017522960901, 0.28220072388648987, -0.0013530111173167825, 0.9999874830245972, -0.0011558530386537313, -0.004673180636018515, 1]
[0.4957522451877594, -0.00012085842899978161, 0.2826557755470276, -0.0013669156469404697, 0.9999869465827942, -0.0011620888253673911, -0.004793441854417324, 1]
[0.4957427978515625, -0.00012046692427247763, 0.283102810382843, -0.0013810684904456139, 0.9999862909317017, -0.0011681505711749196, -0.004911601077765226, 1]
[0.4957335591316223, -0.00012042559683322906, 0.28354209661483765, -0.0013947143452242017, 0.9999856948852539, -0.0011742357164621353, -0.005028102081269026, 1]
[0.49572446942329407, -0.00012030568905174732, 0.28397461771965027, -0.0014082965208217502, 0.9999850988388062, -0.0011801626533269882, -0.005142634734511375, 1]
[0.49571552872657776, -0.00011995225213468075, 0.2843988537788391, -0.0014217868447303772, 0.9999844431877136, -0.0011858014622703195, -0.005255967378616333, 1]
[0.49570661783218384, -0.00011976435780525208, 0.2848161458969116, -0.0014349045231938362, 0.9999838471412659, -0.0011913395719602704, -0.005367485340684652, 1]
[0.495697557926178, -0.0001196542289108038, 0.28522607684135437, -0.0014479943783953786, 0.9999831914901733, -0.0011970744235441089, -0.005478214006870985, 1]
[0.4956888258457184, -0.00011952233035117388, 0.2856287956237793, -0.0014611519873142242, 0.9999825358390808, -0.0012024904135614634, -0.005586935207247734, 1]
[0.4956802725791931, -0.00011934968642890453, 0.28602513670921326, -0.0014739860780537128, 0.9999819993972778, -0.001207964844070375, -0.005693997722119093, 1]
[0.4956718385219574, -0.0001191641204059124, 0.2864142656326294, -0.0014868058497086167, 0.9999813437461853, -0.0012131843250244856, -0.005799220409244299, 1]
[0.495663583278656, -0.00011899834498763084, 0.2867968678474426, -0.0014990076888352633, 0.9999806880950928, -0.001218411372974515, -0.005903430283069611, 1]
[0.49565497040748596, -0.000118780299089849, 0.28717249631881714, -0.0015114611014723778, 0.999980092048645, -0.00122322968672961, -0.006006526295095682, 1]
[0.49564671516418457, -0.00011869310401380062, 0.28754210472106934, -0.001523675979115069, 0.9999793767929077, -0.0012282532406970859, -0.006107734516263008, 1]
[0.4956384003162384, -0.00011854921467602253, 0.28790464997291565, -0.0015358304372057319, 0.99997878074646, -0.001233311602845788, -0.006208216305822134, 1]
[0.4956304728984833, -0.00011841114610433578, 0.2882614731788635, -0.0015476999105885625, 0.999978244304657, -0.0012381926644593477, -0.006306343246251345, 1]
[0.4956224858760834, -0.00011828355491161346, 0.2886122167110443, -0.0015593841671943665, 0.9999775290489197, -0.0012430663919076324, -0.006403707899153233, 1]
[0.49561429023742676, -0.0001181907719001174, 0.28895658254623413, -0.001571055967360735, 0.9999767541885376, -0.0012475114781409502, -0.006499683018773794, 1]
[0.49560633301734924, -0.00011811440344899893, 0.28929492831230164, -0.001582549186423421, 0.9999761581420898, -0.001252050162293017, -0.006594490725547075, 1]
[0.4955986738204956, -0.00011798564810305834, 0.28962796926498413, -0.001594012719579041, 0.9999756217002869, -0.001256764167919755, -0.006687020882964134, 1]
[0.49559086561203003, -0.00011791207361966372, 0.2899545729160309, -0.0016050830017775297, 0.9999748468399048, -0.0012613204307854176, -0.006779293995350599, 1]
[0.49558350443840027, -0.00011785549577325583, 0.2902764678001404, -0.0016163451364263892, 0.9999743103981018, -0.001265553291887045, -0.006869414355605841, 1]
[0.49557605385780334, -0.00011757982429116964, 0.29059210419654846, -0.0016271075000986457, 0.9999735355377197, -0.001269683474674821, -0.006958329118788242, 1]
[0.49556878209114075, -0.00011738017201423645, 0.2909024953842163, -0.00163816730491817, 0.999972939491272, -0.0012738886289298534, -0.007046149577945471, 1]
[0.4955614507198334, -0.00011735386215150356, 0.29120761156082153, -0.0016487655229866505, 0.9999723434448242, -0.0012781473342329264, -0.007133170962333679, 1]
[0.4955540895462036, -0.00011721521150320768, 0.29150718450546265, -0.0016593527980148792, 0.9999716877937317, -0.0012822354910895228, -0.007219087798148394, 1]
[0.49554696679115295, -0.0001170657342299819, 0.29180192947387695, -0.0016696007223799825, 0.9999710321426392, -0.0012857570545747876, -0.007303179241716862, 1]
[0.4955398738384247, -0.00011716701555997133, 0.29209136962890625, -0.0016799868317320943, 0.9999704957008362, -0.0012899020221084356, -0.007386292330920696, 1]
[0.4955330491065979, -0.0001168388407677412, 0.2923760414123535, -0.0016901808558031917, 0.9999697804450989, -0.0012936205603182316, -0.007467836141586304, 1]
[0.4955263137817383, -0.00011685932986438274, 0.29265567660331726, -0.0017001888481900096, 0.9999692440032959, -0.001297702081501484, -0.007548218127340078, 1]
[0.49551957845687866, -0.00011686782818287611, 0.29293063282966614, -0.0017099857795983553, 0.9999685287475586, -0.001301368116401136, -0.007627492770552635, 1]
[0.49551305174827576, -0.0001166780712082982, 0.2932010889053345, -0.0017198643181473017, 0.9999679327011108, -0.001304892241023481, -0.007705390453338623, 1]
[0.49550649523735046, -0.00011639355216175318, 0.29346638917922974, -0.0017295912839472294, 0.9999673962593079, -0.001308302627876401, -0.007782410364598036, 1]
[0.4954998791217804, -0.00011628842912614346, 0.2937271296977997, -0.0017392365261912346, 0.9999667406082153, -0.0013117631897330284, -0.007858837023377419, 1]
[0.4954932630062103, -0.00011626014020293951, 0.2939833998680115, -0.0017486604629084468, 0.9999660849571228, -0.0013155024498701096, -0.007934138178825378, 1]
[0.4954870045185089, -0.00011595024261623621, 0.2942355275154114, -0.0017580176936462522, 0.999965488910675, -0.0013185689458623528, -0.008007938042283058, 1]
[0.495480477809906, -0.00011601170990616083, 0.29448315501213074, -0.0017671209061518312, 0.9999648928642273, -0.0013221290428191423, -0.008081506006419659, 1]
[0.4954742193222046, -0.00011598016135394573, 0.2947263717651367, -0.0017762442585080862, 0.9999642968177795, -0.0013255845988169312, -0.008153543807566166, 1]
[0.4954681396484375, -0.00011563824955374002, 0.29496556520462036, -0.0017852878663688898, 0.9999637603759766, -0.0013285097666084766, -0.008224183693528175, 1]
[0.4954618811607361, -0.00011574150994420052, 0.2952003479003906, -0.0017941377591341734, 0.9999630451202393, -0.0013318044366315007, -0.008294924162328243, 1]
[0.49545571208000183, -0.0001156532671302557, 0.2954312264919281, -0.0018028595950454473, 0.9999625086784363, -0.0013350120279937983, -0.008364152163267136, 1]
[0.4954499304294586, -0.00011542974971234798, 0.2956584095954895, -0.0018114851554855704, 0.9999618530273438, -0.0013379562878981233, -0.008431660011410713, 1]
[0.49544376134872437, -0.00011546164751052856, 0.2958815097808838, -0.00181999069172889, 0.9999613761901855, -0.0013409677194431424, -0.008499138988554478, 1]
[0.4954378306865692, -0.00011511752381920815, 0.29610052704811096, -0.0018283159006386995, 0.999960720539093, -0.0013436217559501529, -0.008565593510866165, 1]
[0.495432585477829, -0.00011516979429870844, 0.2963164746761322, -0.001836632378399372, 0.9999602437019348, -0.0013467301614582539, -0.008629891090095043, 1]
[0.49542662501335144, -0.00011494406498968601, 0.29652801156044006, -0.001845035352744162, 0.9999595880508423, -0.0013496953761205077, -0.008694649673998356, 1]
[0.4954211115837097, -0.00011498632375150919, 0.29673588275909424, -0.0018530524102970958, 0.9999589920043945, -0.0013523120433092117, -0.008757752366364002, 1]
[0.4954156279563904, -0.00011474464554339647, 0.2969403862953186, -0.0018609104445204139, 0.9999584555625916, -0.0013549819122999907, -0.008820101618766785, 1]
[0.4954100549221039, -0.00011450308375060558, 0.29714134335517883, -0.0018690649885684252, 0.9999579191207886, -0.00135768111795187, -0.008881581015884876, 1]
[0.4954046905040741, -0.00011459551751613617, 0.29733872413635254, -0.0018768294248729944, 0.9999573230743408, -0.001360490801744163, -0.008942426182329655, 1]
[0.49539923667907715, -0.00011441309470683336, 0.2975330650806427, -0.0018844957230612636, 0.9999567270278931, -0.0013626861618831754, -0.009001844562590122, 1]
[0.4953940510749817, -0.0001142231049016118, 0.29772403836250305, -0.0018919617868959904, 0.9999561905860901, -0.0013653204077854753, -0.009060703217983246, 1]
[0.4953884184360504, -0.00011409202124923468, 0.29791104793548584, -0.0018994513666257262, 0.9999556541442871, -0.0013678537216037512, -0.009119534865021706, 1]
[0.4953831732273102, -0.00011389295104891062, 0.298095166683197, -0.001906886463984847, 0.9999550580978394, -0.0013703828444704413, -0.00917690061032772, 1]
[0.4953781068325043, -0.00011379702482372522, 0.29827645421028137, -0.0019142844248563051, 0.9999545216560364, -0.0013725775061175227, -0.009233363904058933, 1]
[0.4953732192516327, -0.000113616231828928, 0.298454612493515, -0.0019214212661609054, 0.9999540448188782, -0.0013748902129009366, -0.009288675151765347, 1]
[0.4953681230545044, -0.00011356885079294443, 0.29862937331199646, -0.0019285422749817371, 0.99995356798172, -0.0013773093232885003, -0.009343639016151428, 1]
[0.4953632652759552, -0.00011333043221384287, 0.2988012135028839, -0.0019356507109478116, 0.9999530911445618, -0.0013792951358482242, -0.009397506713867188, 1]
[0.4953587055206299, -0.00011319387704133987, 0.2989705204963684, -0.0019423755584284663, 0.9999525547027588, -0.0013815364800393581, -0.00945064052939415, 1]
[0.4953537881374359, -0.00011328095570206642, 0.29913628101348877, -0.0019493157742545009, 0.9999520182609558, -0.0013841496547684073, -0.009503249078989029, 1]
[0.49534910917282104, -0.00011300982441753149, 0.2992996871471405, -0.001956093590706587, 0.9999514818191528, -0.0013860868057236075, -0.009554584510624409, 1]
[0.4953444302082062, -0.00011286884546279907, 0.2994600534439087, -0.0019626477733254433, 0.9999510049819946, -0.0013882311759516597, -0.009605640545487404, 1]
[0.4953400790691376, -0.00011266907677054405, 0.29961782693862915, -0.0019692620262503624, 0.9999505281448364, -0.0013900015037506819, -0.009655648842453957, 1]
[0.49533534049987793, -0.00011244870256632566, 0.2997726500034332, -0.0019757228437811136, 0.9999499917030334, -0.0013918161857873201, -0.009705468080937862, 1]
[0.49533089995384216, -0.00011241738684475422, 0.2999250292778015, -0.0019822395406663418, 0.9999494552612305, -0.0013940540375187993, -0.009754101745784283, 1]
[0.49532651901245117, -0.00011225230991840363, 0.30007460713386536, -0.0019884705543518066, 0.9999489784240723, -0.0013959980569779873, -0.009801940061151981, 1]
[0.4953223466873169, -0.00011196243576705456, 0.30022189021110535, -0.001994824269786477, 0.9999485611915588, -0.0013976253103464842, -0.009848887100815773, 1]
[0.49531784653663635, -0.00011197361163794994, 0.3003661334514618, -0.002000848762691021, 0.9999480247497559, -0.0013995516346767545, -0.009896256029605865, 1]
[0.4953133463859558, -0.00011172646190971136, 0.3005080819129944, -0.002006908180192113, 0.9999475479125977, -0.001401578076183796, -0.009942470118403435, 1]
[0.49530917406082153, -0.00011162611190229654, 0.3006478250026703, -0.0020127659663558006, 0.9999471306800842, -0.001403142581693828, -0.009987893514335155, 1]
[0.49530506134033203, -0.0001114625483751297, 0.3007851243019104, -0.002018767176195979, 0.9999465942382812, -0.0014048634329810739, -0.010032393969595432, 1]
[0.4953010380268097, -0.00011133006773889065, 0.3009200096130371, -0.002024540677666664, 0.9999461770057678, -0.001406617695465684, -0.010076268576085567, 1]
[0.4952966272830963, -0.00011114391963928938, 0.3010520339012146, -0.002030574018135667, 0.9999457001686096, -0.001408464857377112, -0.01012028194963932, 1]
[0.49529263377189636, -0.00011085032019764185, 0.30118221044540405, -0.0020361735951155424, 0.9999452829360962, -0.0014101079432293773, -0.010163088329136372, 1]
[0.4952887296676636, -0.00011081737466156483, 0.3013101816177368, -0.002041787374764681, 0.9999448657035828, -0.0014118781546130776, -0.010205334052443504, 1]
