[0.3894476890563965, 7.310882210731506e-08, 0.45782333612442017, 0.008603483438491821, 0.9216110110282898, 0.020462853834033012, 0.3874797523021698, 0]
[0.39083489775657654, 0.0006435798713937402, 0.4564647972583771, 0.008905990049242973, 0.9213047623634338, 0.034437671303749084, 0.3872111141681671, 0]
[0.39283838868141174, 0.0007294454844668508, 0.45288795232772827, 0.008912873454391956, 0.9219799637794495, 0.04754173755645752, 0.3842047452926636, 0]
[0.39482933282852173, 0.0005850247107446194, 0.4483254551887512, 0.008904634974896908, 0.9229843616485596, 0.06011464074254036, 0.3800087571144104, 0]
[0.39677202701568604, 0.00037297699600458145, 0.44340747594833374, 0.008886167779564857, 0.9240158200263977, 0.07236923277378082, 0.37533774971961975, 0]
[0.39867323637008667, 0.00014818296767771244, 0.4383978247642517, 0.008861903101205826, 0.9249545931816101, 0.08437763154506683, 0.370487242937088, 0]
[0.4005391597747803, -7.323198951780796e-05, 0.4334023594856262, 0.008835861459374428, 0.9257574677467346, 0.09616407006978989, 0.36557841300964355, 0]
[0.4023723304271698, -0.0002864955458790064, 0.4284632205963135, 0.008808686397969723, 0.9264117479324341, 0.10773645341396332, 0.3606613278388977, 0]
[0.40417471528053284, -0.000490221194922924, 0.42359620332717896, 0.008782253600656986, 0.9269166588783264, 0.11909981817007065, 0.3557577133178711, 0]
[0.4059467911720276, -0.0006847144104540348, 0.41880708932876587, 0.008755671791732311, 0.9272762537002563, 0.13025560975074768, 0.35087814927101135, 0]
[0.4076893627643585, -0.0008700555190443993, 0.4140981435775757, 0.00872979499399662, 0.9274961352348328, 0.1412075012922287, 0.34602776169776917, 0]
[0.4094022810459137, -0.001046579098328948, 0.40946802496910095, 0.0087038679048419, 0.9275826215744019, 0.15195685625076294, 0.34120967984199524, 0]
[0.4110860526561737, -0.0012147342786192894, 0.40491726994514465, 0.00867848563939333, 0.9275415539741516, 0.16250687837600708, 0.33642658591270447, 0]
[0.412741094827652, -0.0013749192003160715, 0.4004448652267456, 0.00865329708904028, 0.9273790121078491, 0.17285950481891632, 0.33168211579322815, 0]
[0.4143671989440918, -0.0015272030141204596, 0.39604902267456055, 0.008628090843558311, 0.9271013736724854, 0.1830178052186966, 0.32697567343711853, 0]
[0.415964812040329, -0.0016722131986171007, 0.39172884821891785, 0.00860264990478754, 0.9267144799232483, 0.19298411905765533, 0.32230931520462036, 0]
[0.4175342619419098, -0.0018099958542734385, 0.3874835968017578, 0.008577381260693073, 0.9262236952781677, 0.20276154577732086, 0.3176853358745575, 0]
[0.419075608253479, -0.00194068206474185, 0.3833116292953491, 0.008551566861569881, 0.9256342053413391, 0.21235278248786926, 0.31310445070266724, 0]
[0.42058926820755005, -0.002065025269985199, 0.37921229004859924, 0.008525475859642029, 0.9249516725540161, 0.22176018357276917, 0.30856767296791077, 0]
[0.4220753014087677, -0.00218299962580204, 0.37518420815467834, 0.008498942479491234, 0.9241809844970703, 0.23098692297935486, 0.30407628417015076, 0]
[0.42353442311286926, -0.002295025624334812, 0.37122681736946106, 0.00847221165895462, 0.9233267307281494, 0.2400359809398651, 0.2996309995651245, 0]
[0.42496660351753235, -0.0024013137444853783, 0.3673385679721832, 0.00844480749219656, 0.9223936200141907, 0.24890932440757751, 0.2952336370944977, 0]
[0.4263722896575928, -0.0025022863410413265, 0.3635188341140747, 0.008416786789894104, 0.9213861227035522, 0.2576103210449219, 0.2908841669559479, 0]
[0.4277515411376953, -0.0025981171056628227, 0.3597660958766937, 0.008388242684304714, 0.9203088879585266, 0.2661415636539459, 0.2865833640098572, 0]
[0.4291042983531952, -0.002689024433493614, 0.35607925057411194, 0.008359122090041637, 0.9191656708717346, 0.2745063304901123, 0.28233131766319275, 0]
[0.43043166399002075, -0.002775781322270632, 0.35245800018310547, 0.008329249918460846, 0.9179607033729553, 0.28270605206489563, 0.2781296372413635, 0]
[0.4317336082458496, -0.002858111634850502, 0.34890130162239075, 0.008298973552882671, 0.9166975617408752, 0.29074499011039734, 0.27397793531417847, 0]
[0.4330102801322937, -0.002937265671789646, 0.3454083800315857, 0.00826822780072689, 0.9153803586959839, 0.2986242473125458, 0.26987773180007935, 0]
[0.4342622756958008, -0.003012725617736578, 0.3419781029224396, 0.008236746303737164, 0.9140121936798096, 0.30634748935699463, 0.2658287286758423, 0]
[0.4354892373085022, -0.003084988798946142, 0.33860939741134644, 0.008205018937587738, 0.9125969409942627, 0.31391677260398865, 0.2618313431739807, 0]
[0.4366914927959442, -0.003155013080686331, 0.3353014290332794, 0.00817203987389803, 0.9111379384994507, 0.32133498787879944, 0.2578849792480469, 0]
[0.4378696084022522, -0.0032229041680693626, 0.33205413818359375, 0.008138995617628098, 0.9096381068229675, 0.32860419154167175, 0.2539913058280945, 0]
[0.43902385234832764, -0.003289218060672283, 0.3288670778274536, 0.00810567568987608, 0.9081003665924072, 0.3357270658016205, 0.25015076994895935, 0]
[0.44015368819236755, -0.0033547827042639256, 0.32573866844177246, 0.008071215823292732, 0.9065284132957458, 0.34270477294921875, 0.2463623583316803, 0]
[0.44125980138778687, -0.0034197201021015644, 0.3226694166660309, 0.008036324754357338, 0.9049246311187744, 0.3495407998561859, 0.24262754619121552, 0]
[0.4423418343067169, -0.0034849056974053383, 0.3196578621864319, 0.008000897243618965, 0.9032920002937317, 0.35623645782470703, 0.23894594609737396, 0]
[0.44340023398399353, -0.0035519259981811047, 0.3167046308517456, 0.00796512421220541, 0.9016333818435669, 0.3627934455871582, 0.23531843721866608, 0]
[0.4444345235824585, -0.003620684612542391, 0.31380927562713623, 0.007928244769573212, 0.8999513387680054, 0.3692135214805603, 0.23174603283405304, 0]
[0.4454447031021118, -0.003693430684506893, 0.3109716773033142, 0.007890462875366211, 0.8982489705085754, 0.37549737095832825, 0.22822847962379456, 0]
[0.4464297890663147, -0.003770282957702875, 0.30819153785705566, 0.00785099621862173, 0.8965288400650024, 0.3816471993923187, 0.22476620972156525, 0]
[0.44739019870758057, -0.0038541704416275024, 0.3054695725440979, 0.007810013368725777, 0.8947938084602356, 0.3876623213291168, 0.22136172652244568, 0]
[0.4483254849910736, -0.003945981152355671, 0.3028073310852051, 0.007766861002892256, 0.8930462598800659, 0.39354419708251953, 0.21801616251468658, 0]
[0.4492339789867401, -0.004049575887620449, 0.30020469427108765, 0.007720502559095621, 0.8912902474403381, 0.39929044246673584, 0.21473123133182526, 0]
[0.4501151740550995, -0.004166638012975454, 0.2976641058921814, 0.007669133599847555, 0.8895276784896851, 0.40490129590034485, 0.21151041984558105, 0]
[0.4509672522544861, -0.004302770830690861, 0.29518619179725647, 0.007611179258674383, 0.8877637386322021, 0.4103723466396332, 0.20835620164871216, 0]
[0.4517887532711029, -0.004461538977921009, 0.2927747368812561, 0.0075441268272697926, 0.8860012888908386, 0.41570064425468445, 0.20527459681034088, 0]
[0.4525768458843231, -0.004649684764444828, 0.2904316186904907, 0.007463053334504366, 0.8842455148696899, 0.42088034749031067, 0.2022721767425537, 0]
[0.45332950353622437, -0.004872297402471304, 0.28815996646881104, 0.007361483294516802, 0.8825007677078247, 0.4259044826030731, 0.1993580162525177, 0]
[0.4540453255176544, -0.005135305691510439, 0.2859615385532379, 0.007231016177684069, 0.8807721138000488, 0.4307659864425659, 0.1965423971414566, 0]
[0.4547257125377655, -0.005437305662781, 0.283833771944046, 0.0070602623745799065, 0.879061758518219, 0.4354635179042816, 0.19383496046066284, 0]
[0.4554429054260254, -0.00572500005364418, 0.28180596232414246, 0.007154024671763182, 0.8771088719367981, 0.440610408782959, 0.19102682173252106, 0]
[0.45623326301574707, -0.005924034398049116, 0.27985483407974243, 0.007462512236088514, 0.8750051856040955, 0.44603317975997925, 0.18805550038814545, 0]
[0.4570693075656891, -0.0059632472693920135, 0.2778896391391754, 0.007789526600390673, 0.8727261424064636, 0.45169657468795776, 0.18509027361869812, 0]
[0.4578781723976135, -0.00579488230869174, 0.2758069932460785, 0.007733937818557024, 0.8706551194190979, 0.45674628019332886, 0.18243557214736938, 0]
[0.4587118923664093, -0.005410362500697374, 0.27363061904907227, 0.0076224710792303085, 0.8686390519142151, 0.461630254983902, 0.17973770201206207, 0]
[0.45955342054367065, -0.004858335480093956, 0.2713956832885742, 0.007532245479524136, 0.8665449023246765, 0.4666211009025574, 0.1769406497478485, 0]
[0.46037742495536804, -0.00422279117628932, 0.2691314220428467, 0.007424689829349518, 0.8644111156463623, 0.47162219882011414, 0.17409978806972504, 0]
[0.46117717027664185, -0.003577662631869316, 0.26686418056488037, 0.007295364513993263, 0.8622745275497437, 0.47655045986175537, 0.17125751078128815, 0]
[0.461953341960907, -0.0029706135392189026, 0.2646109163761139, 0.007150641642510891, 0.8601593375205994, 0.4813559949398041, 0.16843728721141815, 0]
[0.46270835399627686, -0.002424971666187048, 0.2623818814754486, 0.006999777164310217, 0.858078122138977, 0.4860168695449829, 0.16565179824829102, 0]
[0.4634450078010559, -0.0019473759457468987, 0.2601836025714874, 0.006848679389804602, 0.8560361266136169, 0.49052637815475464, 0.16290821135044098, 0]
[0.4641643762588501, -0.0015366864390671253, 0.2580188512802124, 0.006699865218251944, 0.8540335893630981, 0.49488869309425354, 0.16020885109901428, 0]
[0.46486788988113403, -0.0011858372017741203, 0.2558889091014862, 0.006554881576448679, 0.8520680069923401, 0.49911293387413025, 0.157554492354393, 0]
[0.46555665135383606, -0.0008869543671607971, 0.25379467010498047, 0.006414695642888546, 0.8501367568969727, 0.5032079219818115, 0.15494492650032043, 0]
[0.4662305414676666, -0.0006316765211522579, 0.2517350912094116, 0.0062783947214484215, 0.848236620426178, 0.5071842074394226, 0.1523791253566742, 0]
[0.46689075231552124, -0.00041318638250231743, 0.24971036612987518, 0.0061477068811655045, 0.8463643789291382, 0.5110504031181335, 0.14985665678977966, 0]
[0.4675377905368805, -0.00022419169545173645, 0.24772021174430847, 0.006021220237016678, 0.8445171117782593, 0.5148151516914368, 0.14737680554389954, 0]
[0.46817201375961304, -5.967170000076294e-05, 0.24576371908187866, 0.005899016745388508, 0.8426926732063293, 0.5184856057167053, 0.14493803679943085, 0]
[0.4687933921813965, 8.451985195279121e-05, 0.24384009838104248, 0.005780244246125221, 0.8408898711204529, 0.5220664143562317, 0.142539381980896, 0]
[0.469402551651001, 0.00021289009600877762, 0.24194861948490143, 0.005665114615112543, 0.8391065001487732, 0.5255641937255859, 0.14018023014068604, 0]
[0.46999987959861755, 0.00032747467048466206, 0.2400887906551361, 0.00555297639220953, 0.8373420834541321, 0.5289821028709412, 0.13785970211029053, 0]
[0.4705852270126343, 0.00043079769238829613, 0.23826009035110474, 0.005443290341645479, 0.8355956673622131, 0.5323243141174316, 0.13557693362236023, 0]
[0.4711591303348541, 0.0005246058572083712, 0.23646129667758942, 0.005336792208254337, 0.8338667154312134, 0.5355936884880066, 0.1333310902118683, 0]
[0.47172144055366516, 0.0006101322360336781, 0.23469266295433044, 0.005232714116573334, 0.8321551084518433, 0.5387925505638123, 0.1311216801404953, 0]
[0.4722728431224823, 0.0006889516953378916, 0.23295307159423828, 0.005131230223923922, 0.8304601907730103, 0.5419241786003113, 0.12894794344902039, 0]
[0.47281381487846375, 0.000761962728574872, 0.2312428206205368, 0.005032315384596586, 0.8287817239761353, 0.5449907183647156, 0.1268099993467331, 0]
[0.4733438789844513, 0.0008297772146761417, 0.2295605093240738, 0.004935719538480043, 0.8271197080612183, 0.547993540763855, 0.1247064471244812, 0]
[0.47386354207992554, 0.0008925676811486483, 0.22790595889091492, 0.004841191694140434, 0.8254738450050354, 0.5509353876113892, 0.12263660132884979, 0]
[0.4743730127811432, 0.0009517967700958252, 0.22627860307693481, 0.004748247098177671, 0.8238445520401001, 0.5538169145584106, 0.12060057371854782, 0]
[0.474872887134552, 0.0010072838049381971, 0.2246783971786499, 0.004657719749957323, 0.8222313523292542, 0.5566403269767761, 0.11859776079654694, 0]
[0.4753626585006714, 0.0010598611552268267, 0.22310447692871094, 0.004568938631564379, 0.8206343650817871, 0.5594074726104736, 0.11662708967924118, 0]
[0.4758431613445282, 0.001109022181481123, 0.22155643999576569, 0.004482122603803873, 0.8190536499023438, 0.5621188282966614, 0.11468860507011414, 0]
[0.4763140082359314, 0.0011555154342204332, 0.22003380954265594, 0.004396707750856876, 0.8174894452095032, 0.5647762417793274, 0.11278145015239716, 0]
[0.47677576541900635, 0.0011997364927083254, 0.21853631734848022, 0.004313739947974682, 0.8159411549568176, 0.5673813819885254, 0.11090520024299622, 0]
[0.47722819447517395, 0.0012414006050676107, 0.21706336736679077, 0.004232131410390139, 0.8144093751907349, 0.5699346661567688, 0.1090594157576561, 0]
[0.4776720404624939, 0.001281105913221836, 0.21561479568481445, 0.004152411129325628, 0.8128937482833862, 0.5724378824234009, 0.10724376142024994, 0]
[0.4781070947647095, 0.0013185970019549131, 0.2141900360584259, 0.004073708318173885, 0.8113945126533508, 0.5748920440673828, 0.1054576113820076, 0]
[0.4785338342189789, 0.0013543213717639446, 0.21278895437717438, 0.003997016232460737, 0.8099117875099182, 0.5772982239723206, 0.103700652718544, 0]
[0.4789518713951111, 0.0013884070795029402, 0.2114105522632599, 0.0039217290468513966, 0.8084450960159302, 0.5796576142311096, 0.10197216272354126, 0]
[0.4793621897697449, 0.0014208448119461536, 0.21005529165267944, 0.003847882617264986, 0.8069947957992554, 0.5819709300994873, 0.10027226060628891, 0]
[0.47976404428482056, 0.001451296964660287, 0.20872201025485992, 0.003775671124458313, 0.8055610656738281, 0.5842390656471252, 0.09859966486692429, 0]
[0.4801579713821411, 0.0014806014951318502, 0.20741069316864014, 0.003704594448208809, 0.8041434288024902, 0.5864636898040771, 0.09695451706647873, 0]
[0.48054447770118713, 0.0015081018209457397, 0.20612119138240814, 0.0036350830923765898, 0.8027420043945312, 0.5886452198028564, 0.09533622115850449, 0]
[0.4809231460094452, 0.0015347141306847334, 0.20485223829746246, 0.0035668055061250925, 0.8013564944267273, 0.5907851457595825, 0.09374437481164932, 0]
[0.4812946915626526, 0.0015598142053931952, 0.20360495150089264, 0.003499847138300538, 0.7999876737594604, 0.5928833484649658, 0.09217871725559235, 0]
[0.4816589057445526, 0.0015836742240935564, 0.20237818360328674, 0.0034343372099101543, 0.7986345887184143, 0.5949416160583496, 0.09063893556594849, 0]
[0.482015997171402, 0.0016063072253018618, 0.20117150247097015, 0.0033699318300932646, 0.7972978949546814, 0.5969602465629578, 0.08912446349859238, 0]
[0.48236584663391113, 0.0016275469679385424, 0.19998466968536377, 0.003306930186226964, 0.7959774136543274, 0.5989399552345276, 0.08763474225997925, 0]
[0.4827088713645935, 0.001647720579057932, 0.19881711900234222, 0.0032452254090458155, 0.7946729063987732, 0.6008819937705994, 0.08616945892572403, 0]
[0.4830453097820282, 0.0016669940669089556, 0.19766926765441895, 0.0031843450851738453, 0.7933842539787292, 0.6027871966362, 0.08472825586795807, 0]
[0.4833751320838928, 0.0016852507833391428, 0.1965402066707611, 0.003124763024970889, 0.7921111583709717, 0.6046563982963562, 0.08331087976694107, 0]
[0.48369866609573364, 0.0017024325206875801, 0.1954299807548523, 0.0030663746874779463, 0.7908541560173035, 0.606489896774292, 0.08191685378551483, 0]
[0.48401570320129395, 0.001718567917123437, 0.19433799386024475, 0.003009086474776268, 0.7896128296852112, 0.6082885265350342, 0.08054602891206741, 0]
[0.4843265414237976, 0.0017336348537355661, 0.19326378405094147, 0.002952830633148551, 0.7883872389793396, 0.6100530028343201, 0.07919768244028091, 0]
[0.48463112115859985, 0.0017479932866990566, 0.19220733642578125, 0.002897667232900858, 0.787176787853241, 0.6117846369743347, 0.07787133753299713, 0]
[0.4849300682544708, 0.0017619417048990726, 0.19116869568824768, 0.0028435958083719015, 0.785981297492981, 0.6134842038154602, 0.07656725496053696, 0]
[0.48522305488586426, 0.0017745587974786758, 0.19014713168144226, 0.002790355123579502, 0.7848016023635864, 0.6151511073112488, 0.07528439909219742, 0]
[0.4855102598667145, 0.0017864946275949478, 0.18914243578910828, 0.0027378646191209555, 0.7836372256278992, 0.6167868375778198, 0.07402292639017105, 0]
[0.4857916533946991, 0.001797460950911045, 0.1881541907787323, 0.002686446765437722, 0.7824878692626953, 0.6183916926383972, 0.07278213649988174, 0]
[0.48606783151626587, 0.0018076933920383453, 0.18718212842941284, 0.00263621611520648, 0.7813534736633301, 0.6199667453765869, 0.0715620219707489, 0]
[0.4863383173942566, 0.0018172271084040403, 0.1862262487411499, 0.0025867060758173466, 0.7802338004112244, 0.6215125322341919, 0.07036173343658447, 0]
[0.48660343885421753, 0.0018260739743709564, 0.18528656661510468, 0.0025381764862686396, 0.7791290283203125, 0.6230292320251465, 0.06918170303106308, 0]
[0.48686352372169495, 0.001834141556173563, 0.18436174094676971, 0.00249038846231997, 0.7780389189720154, 0.6245177388191223, 0.0680210292339325, 0]
[0.48711851239204407, 0.00184155092574656, 0.1834525316953659, 0.0024437473621219397, 0.7769633531570435, 0.6259784698486328, 0.0668795257806778, 0]
[0.48736870288848877, 0.001848291838541627, 0.18255850672721863, 0.002397968200966716, 0.775902271270752, 0.6274120211601257, 0.06575742363929749, 0]
[0.48761388659477234, 0.0018545701168477535, 0.18167918920516968, 0.0023528907913714647, 0.7748553156852722, 0.6288192272186279, 0.06465374678373337, 0]
[0.48785439133644104, 0.0018596651498228312, 0.18081477284431458, 0.0023091197945177555, 0.7738228440284729, 0.6301997900009155, 0.06356862187385559, 0]
[0.48808997869491577, 0.001864833990111947, 0.17996437847614288, 0.0022655974607914686, 0.7728041410446167, 0.6315553784370422, 0.06250117719173431, 0]
[0.48832109570503235, 0.0018690561410039663, 0.1791280210018158, 0.002223194343969226, 0.7717994451522827, 0.6328858137130737, 0.06145159527659416, 0]
[0.48854777216911316, 0.0018726224079728127, 0.17830580472946167, 0.0021815989166498184, 0.7708085179328918, 0.6341915726661682, 0.060419414192438126, 0]
[0.48877012729644775, 0.0018757274374365807, 0.17749717831611633, 0.002140607452020049, 0.7698314189910889, 0.6354731321334839, 0.05940471962094307, 0]
[0.48898768424987793, 0.0018781931139528751, 0.17670176923274994, 0.00210030609741807, 0.7688676118850708, 0.6367313265800476, 0.05840655416250229, 0]
[0.48920148611068726, 0.0018802974373102188, 0.17591983079910278, 0.0020613428205251694, 0.7679172158241272, 0.6379663348197937, 0.05742550268769264, 0]
[0.4894111454486847, 0.0018819039687514305, 0.17515091598033905, 0.002022701082751155, 0.7669801115989685, 0.6391787528991699, 0.05646059289574623, 0]
[0.48961618542671204, 0.0018825847655534744, 0.17439472675323486, 0.0019847750663757324, 0.7660563588142395, 0.6403688192367554, 0.05551154911518097, 0]
[0.4898177981376648, 0.001883176271803677, 0.17365090548992157, 0.0019478100584819913, 0.7651453614234924, 0.641537070274353, 0.054578617215156555, 0]
[0.49001529812812805, 0.0018834647489711642, 0.1729196012020111, 0.0019114677561447024, 0.764246940612793, 0.6426844596862793, 0.0536612793803215, 0]
[0.4902088940143585, 0.001883092219941318, 0.172200545668602, 0.0018751902971416712, 0.7633615732192993, 0.6438105702400208, 0.05275933817028999, 0]
[0.4903988242149353, 0.0018822806887328625, 0.1714932769536972, 0.0018402418354526162, 0.7624886631965637, 0.6449161767959595, 0.051872339099645615, 0]
[0.4905849099159241, 0.001880936324596405, 0.17079786956310272, 0.00180533598177135, 0.7616285681724548, 0.6460013389587402, 0.05100000649690628, 0]
[0.49076759815216064, 0.0018792609916999936, 0.17011404037475586, 0.0017716360744088888, 0.760780394077301, 0.6470670104026794, 0.05014234781265259, 0]
[0.4909462630748749, 0.0018770616734400392, 0.16944125294685364, 0.0017382086953148246, 0.7599445581436157, 0.648113489151001, 0.04929853975772858, 0]
[0.4911216199398041, 0.0018746787682175636, 0.16877980530261993, 0.0017053240444511175, 0.759120523929596, 0.6491409540176392, 0.0484691858291626, 0]
[0.49129363894462585, 0.0018717526691034436, 0.16812947392463684, 0.0016732985386624932, 0.758308470249176, 0.6501496434211731, 0.04765380546450615, 0]
[0.4914624094963074, 0.0018688036361709237, 0.16749003529548645, 0.0016417666338384151, 0.7575082182884216, 0.6511403322219849, 0.04685186594724655, 0]
[0.49162757396698, 0.001865032478235662, 0.16686078906059265, 0.0016105222748592496, 0.7567197680473328, 0.6521126627922058, 0.04606340080499649, 0]
[0.49178969860076904, 0.0018610120750963688, 0.16624228656291962, 0.0015799413667991757, 0.7559425234794617, 0.6530678272247314, 0.04528786242008209, 0]
[0.49194878339767456, 0.0018568448722362518, 0.1656341850757599, 0.0015499074943363667, 0.7551767826080322, 0.6540053486824036, 0.04452580586075783, 0]
[0.49210473895072937, 0.0018522909376770258, 0.1650361716747284, 0.0015205784002318978, 0.7544222474098206, 0.6549261808395386, 0.04377635195851326, 0]
[0.49225759506225586, 0.0018471961375325918, 0.16444820165634155, 0.0014922063564881682, 0.7536788582801819, 0.6558305025100708, 0.043039463460445404, 0]
[0.4924074411392212, 0.0018417945830151439, 0.16386990249156952, 0.0014639273285865784, 0.7529463768005371, 0.6567184329032898, 0.042314670979976654, 0]
[0.4925544857978821, 0.001836378243751824, 0.1633014976978302, 0.001436112797819078, 0.7522243857383728, 0.6575906276702881, 0.04160219430923462, 0]
[0.4926987588405609, 0.0018308338476344943, 0.16274239122867584, 0.0014089415781199932, 0.7515132427215576, 0.6584473848342896, 0.04090185463428497, 0]
[0.4928397834300995, 0.0018243794329464436, 0.16219234466552734, 0.0013820547610521317, 0.7508128881454468, 0.659288227558136, 0.04021277651190758, 0]
[0.492978572845459, 0.0018182367784902453, 0.1616518199443817, 0.0013557563070207834, 0.7501225471496582, 0.660114586353302, 0.039535701274871826, 0]
[0.493114709854126, 0.0018114540725946426, 0.1611204892396927, 0.0013304059393703938, 0.7494428753852844, 0.660925567150116, 0.0388701930642128, 0]
[0.49324777722358704, 0.0018044590251520276, 0.16059784591197968, 0.0013050140114501119, 0.7487732172012329, 0.6617222428321838, 0.038215313106775284, 0]
[0.49337854981422424, 0.001797185163013637, 0.16008396446704865, 0.0012802479322999716, 0.7481136322021484, 0.6625047922134399, 0.03757159039378166, 0]
[0.4935068190097809, 0.001789993024431169, 0.15957863628864288, 0.0012560912873595953, 0.7474639415740967, 0.6632734537124634, 0.036938849836587906, 0]
[0.49363279342651367, 0.001782730920240283, 0.15908196568489075, 0.0012318958761170506, 0.7468237280845642, 0.6640285849571228, 0.03631706163287163, 0]
[0.49375611543655396, 0.001774910488165915, 0.15859317779541016, 0.0012084562331438065, 0.7461932301521301, 0.6647701263427734, 0.035705335438251495, 0]
[0.493877112865448, 0.0017670555971562862, 0.15811294317245483, 0.0011856623459607363, 0.7455721497535706, 0.6654984951019287, 0.035103924572467804, 0]
[0.49399566650390625, 0.0017587378388270736, 0.15764059126377106, 0.001163317821919918, 0.7449606657028198, 0.666213870048523, 0.034512363374233246, 0]
[0.4941118061542511, 0.0017502668779343367, 0.15717607736587524, 0.001140980632044375, 0.7443585395812988, 0.6669166088104248, 0.03393065556883812, 0]
[0.4942258596420288, 0.0017419173382222652, 0.1567194014787674, 0.0011189064243808389, 0.7437652945518494, 0.6676068902015686, 0.03335913270711899, 0]
[0.49433767795562744, 0.0017330769915133715, 0.15627019107341766, 0.001097524887882173, 0.7431811690330505, 0.6682849526405334, 0.032796893268823624, 0]
[0.49444741010665894, 0.0017241641180589795, 0.15582869946956635, 0.001076776534318924, 0.7426058650016785, 0.6689510941505432, 0.03224411606788635, 0]
[0.4945548474788666, 0.0017153775552287698, 0.15539425611495972, 0.0010562468087300658, 0.7420392632484436, 0.669605553150177, 0.03170083463191986, 0]
[0.4946601092815399, 0.0017058945959433913, 0.15496715903282166, 0.0010361461900174618, 0.7414819002151489, 0.6702479124069214, 0.03116663731634617, 0]
[0.49476370215415955, 0.0016966393450275064, 0.15454766154289246, 0.0010167878353968263, 0.740932285785675, 0.670879602432251, 0.03064134530723095, 0]
[0.49486514925956726, 0.0016871014377102256, 0.15413489937782288, 0.0009976259898394346, 0.7403913736343384, 0.6714998483657837, 0.030124904587864876, 0]
[0.49496448040008545, 0.0016771225491538644, 0.15372905135154724, 0.0009788161842152476, 0.7398591637611389, 0.6721088290214539, 0.029617177322506905, 0]
[0.4950621426105499, 0.0016672586789354682, 0.15332983434200287, 0.0009602849022485316, 0.7393345832824707, 0.6727075576782227, 0.029117707163095474, 0]
[0.495157927274704, 0.0016574441688135266, 0.15293768048286438, 0.0009419315028935671, 0.7388182878494263, 0.6732956767082214, 0.028627285733819008, 0]
[0.49525144696235657, 0.001647474942728877, 0.15255168080329895, 0.0009233290329575539, 0.7383100986480713, 0.673873245716095, 0.02814442291855812, 0]
[0.49534308910369873, 0.001637316425330937, 0.15217240154743195, 0.0009050265070982277, 0.7378095388412476, 0.6744409203529358, 0.027669748291373253, 0]
[0.495433509349823, 0.0016271626809611917, 0.1517992913722992, 0.0008874867926351726, 0.7373166084289551, 0.6749986410140991, 0.02720334753394127, 0]
[0.49552202224731445, 0.0016167432768270373, 0.15143269300460815, 0.0008710360853001475, 0.736831545829773, 0.6755465269088745, 0.026744790375232697, 0]
[0.49560874700546265, 0.0016061259666457772, 0.15107211470603943, 0.0008546920143999159, 0.7363541126251221, 0.6760846376419067, 0.026293739676475525, 0]
[0.4956936836242676, 0.0015955130802467465, 0.15071727335453033, 0.0008380726212635636, 0.735883891582489, 0.6766135096549988, 0.025850221514701843, 0]
[0.4957769811153412, 0.0015850851777940989, 0.1503685563802719, 0.000821234832983464, 0.7354208827018738, 0.677133321762085, 0.025414220988750458, 0]
[0.4958588480949402, 0.0015741272363811731, 0.1500260829925537, 0.0008061323314905167, 0.734965443611145, 0.6776437163352966, 0.024985918775200844, 0]
[0.49593910574913025, 0.0015635511372238398, 0.14968885481357574, 0.0007906886748969555, 0.734516441822052, 0.6781455278396606, 0.0245645921677351, 0]
[0.49601733684539795, 0.001552487607114017, 0.14935709536075592, 0.0007745872717350721, 0.7340751886367798, 0.678638219833374, 0.024149995297193527, 0]
[0.49609461426734924, 0.0015418087132275105, 0.1490313708782196, 0.0007599986274726689, 0.733640193939209, 0.6791227459907532, 0.02374277263879776, 0]
[0.49617040157318115, 0.0015306533314287663, 0.1487112045288086, 0.0007457776227965951, 0.7332122325897217, 0.6795986890792847, 0.02334221638739109, 0]
[0.49624431133270264, 0.0015199909685179591, 0.14839600026607513, 0.0007302591111510992, 0.732791006565094, 0.6800663471221924, 0.02294849418103695, 0]
[0.4963175356388092, 0.0015089516527950764, 0.14808663725852966, 0.0007170944008976221, 0.7323763966560364, 0.6805256605148315, 0.022561723366379738, 0]
[0.49638858437538147, 0.0014976097736507654, 0.14778178930282593, 0.000703132594935596, 0.7319682240486145, 0.6809771656990051, 0.02218073233962059, 0]
[0.49645841121673584, 0.001486360328271985, 0.14748241007328033, 0.0006893950048834085, 0.7315666079521179, 0.6814208626747131, 0.021806353703141212, 0]
[0.4965272545814514, 0.001475512981414795, 0.14718815684318542, 0.0006764262798242271, 0.7311709523200989, 0.6818569302558899, 0.02143893763422966, 0]
[0.49659451842308044, 0.0014644763432443142, 0.14689859747886658, 0.0006628523115068674, 0.730781614780426, 0.6822856068611145, 0.021077224984765053, 0]
[0.49666059017181396, 0.001452847383916378, 0.14661423861980438, 0.0006510960520245135, 0.7303987145423889, 0.6827062964439392, 0.02072165347635746, 0]
[0.4967251420021057, 0.001441683736629784, 0.1463342010974884, 0.0006376095698215067, 0.7300217151641846, 0.6831200122833252, 0.02037200890481472, 0]
[0.49678874015808105, 0.0014298916794359684, 0.1460590660572052, 0.0006263141985982656, 0.7296507358551025, 0.6835262179374695, 0.020028242841362953, 0]
[0.4968508780002594, 0.001418886473402381, 0.14578868448734283, 0.0006132019916549325, 0.7292854189872742, 0.6839258074760437, 0.01969045400619507, 0]
[0.4969119727611542, 0.0014075383078306913, 0.14552271366119385, 0.0006023398018442094, 0.728925883769989, 0.6843186020851135, 0.019358256831765175, 0]
[0.4969719648361206, 0.001396447652950883, 0.14526116847991943, 0.0005897938972339034, 0.7285721302032471, 0.6847042441368103, 0.019031820818781853, 0]
[0.49703091382980347, 0.0013848962262272835, 0.1450042724609375, 0.000579503714106977, 0.7282240390777588, 0.6850834488868713, 0.018710805103182793, 0]
[0.49708834290504456, 0.001373765291646123, 0.14475136995315552, 0.000567933137062937, 0.7278812527656555, 0.6854560971260071, 0.018394989892840385, 0]
[0.497144877910614, 0.0013622795231640339, 0.14450305700302124, 0.0005571654764935374, 0.7275442481040955, 0.6858220100402832, 0.018084950745105743, 0]
[0.49720025062561035, 0.0013508235570043325, 0.1442584991455078, 0.0005464326241053641, 0.7272124886512756, 0.686181902885437, 0.017779508605599403, 0]
[0.49725455045700073, 0.001339709386229515, 0.14401835203170776, 0.0005350806750357151, 0.7268856763839722, 0.6865357756614685, 0.017479540780186653, 0]
[0.4973079562187195, 0.0013285658787935972, 0.14378218352794647, 0.00052515824791044, 0.7265642285346985, 0.6868833303451538, 0.017184874042868614, 0]
[0.4973599910736084, 0.001317270565778017, 0.1435498595237732, 0.0005141599103808403, 0.7262479066848755, 0.6872250437736511, 0.016894586384296417, 0]
[0.49741145968437195, 0.0013058511540293694, 0.143321692943573, 0.0005052299820818007, 0.7259365916252136, 0.6875607967376709, 0.016609609127044678, 0]
[0.4974616467952728, 0.0012943242909386754, 0.14309711754322052, 0.0004953859024681151, 0.7256304621696472, 0.6878905892372131, 0.01632930338382721, 0]
[0.4975106418132782, 0.0012834251392632723, 0.14287610352039337, 0.00048436535871587694, 0.725328803062439, 0.6882150769233704, 0.01605338603258133, 0]
[0.4975593686103821, 0.0012720789527520537, 0.14265938103199005, 0.00047604640712961555, 0.7250321507453918, 0.6885339617729187, 0.01578284427523613, 0]
[0.4976069927215576, 0.0012609619880095124, 0.14244595170021057, 0.0004668041365221143, 0.7247402667999268, 0.6888471841812134, 0.015516761690378189, 0]
[0.4976533055305481, 0.0012498777359724045, 0.14223600924015045, 0.00045644023339264095, 0.7244531512260437, 0.6891550421714783, 0.015254858881235123, 0]
[0.4976988732814789, 0.001238615601323545, 0.14203014969825745, 0.00044847751269117, 0.7241705060005188, 0.6894577741622925, 0.014997638761997223, 0]
[0.49774351716041565, 0.0012272319290786982, 0.14182773232460022, 0.00043946749065071344, 0.7238928079605103, 0.6897546648979187, 0.014745018444955349, 0]
[0.4977874457836151, 0.0012163082137703896, 0.1416284292936325, 0.0004295390099287033, 0.7236190438270569, 0.6900472044944763, 0.014496352523565292, 0]
[0.49787425994873047, 0.0012015106622129679, 0.14150427281856537, 0.0004827302764169872, 0.7233290672302246, 0.6903552412986755, 0.014296573586761951, 0]
[0.49807173013687134, 0.0012283027172088623, 0.1415501832962036, 0.0005310268024913967, 0.7230944633483887, 0.6905994415283203, 0.014369409531354904, 0]
[0.49820956587791443, 0.0011972320498898625, 0.14153823256492615, 0.0005705613293685019, 0.7229125499725342, 0.6907898783683777, 0.014359941706061363, 0]
[0.4983513355255127, 0.0012017330154776573, 0.14154736697673798, 0.0005536869284696877, 0.7227528691291809, 0.6909558176994324, 0.01441869419068098, 0]
[0.49848252534866333, 0.0012153955176472664, 0.1415494978427887, 0.0005363512900657952, 0.7225711345672607, 0.6911451816558838, 0.014451912604272366, 0]
[0.4985979199409485, 0.0012039956636726856, 0.14154383540153503, 0.0005157962441444397, 0.7224050760269165, 0.6913186311721802, 0.014459780417382717, 0]
[0.49871107935905457, 0.0011974938679486513, 0.14154639840126038, 0.00047171395272016525, 0.7222603559494019, 0.691469132900238, 0.01449619047343731, 0]
[0.49771806597709656, 0.0007827566587366164, 0.14315050840377808, -3.013780087712803e-06, 0.7219266295433044, 0.6918764114379883, 0.011358106508851051, 0]
[0.49688979983329773, 0.0006583291105926037, 0.14590086042881012, -0.0005526803433895111, 0.7216572165489197, 0.6921825408935547, 0.00968234147876501, 0]
[0.49648550152778625, 0.0006541948532685637, 0.14917731285095215, -0.0008675523567944765, 0.7213809490203857, 0.6924819946289062, 0.00880138948559761, 0]
[0.4963177442550659, 0.0006924147019162774, 0.15269359946250916, -0.0010338659631088376, 0.7211064696311951, 0.6927734017372131, 0.00832360703498125, 0]
[0.4962696135044098, 0.0007401655311696231, 0.15630094707012177, -0.001121950102970004, 0.720842182636261, 0.6930515766143799, 0.008049700409173965, 0]
[0.4962802231311798, 0.0007854457944631577, 0.15992371737957, -0.0011694885324686766, 0.7205888628959656, 0.6933167576789856, 0.007877327501773834, 0]
[0.49631908535957336, 0.0008242130279541016, 0.16352392733097076, -0.0011961228447034955, 0.7203463912010193, 0.6935701966285706, 0.0077547612600028515, 0]
[0.49637073278427124, 0.0008557963301427662, 0.1670822948217392, -0.001211810507811606, 0.7201123833656311, 0.6938141584396362, 0.0076553309336304665, 0]
[0.49640247225761414, 0.0008826649282127619, 0.17055754363536835, -0.0012523148907348514, 0.7198895215988159, 0.694046676158905, 0.007534069009125233, 0]
[0.4964205324649811, 0.0009063359466381371, 0.1739572286605835, -0.0013005590299144387, 0.7196701765060425, 0.694275438785553, 0.007390337996184826, 0]
[0.4964311420917511, 0.0009273849427700043, 0.17729152739048004, -0.0013521220535039902, 0.7194551229476929, 0.6944997906684875, 0.007235637400299311, 0]
[0.49643850326538086, 0.0009472742676734924, 0.18056567013263702, -0.0014048380544409156, 0.7192432284355164, 0.6947207450866699, 0.00707560358569026, 0]
[0.4964444935321808, 0.0009656493202783167, 0.18378327786922455, -0.0014568542828783393, 0.7190345525741577, 0.6949383020401001, 0.006914179306477308, 0]
[0.49644961953163147, 0.0009832101641222835, 0.18694573640823364, -0.0015082380268722773, 0.7188293933868408, 0.6951520442962646, 0.006752267945557833, 0]
[0.4964539706707001, 0.0009999305475503206, 0.19005495309829712, -0.001559309079311788, 0.7186275720596313, 0.6953622102737427, 0.006590816657990217, 0]
[0.4964585304260254, 0.0010150289162993431, 0.19311189651489258, -0.0016089777927845716, 0.7184290885925293, 0.6955685615539551, 0.006430161651223898, 0]
[0.4964630901813507, 0.0010291860671713948, 0.1961178332567215, -0.0016576534835621715, 0.718234121799469, 0.6957712173461914, 0.0062708547338843346, 0]
[0.4964675009250641, 0.0010418446036055684, 0.19907338917255402, -0.0017047276487573981, 0.7180426716804504, 0.6959700584411621, 0.006112585309892893, 0]
[0.4964717924594879, 0.0010534563334658742, 0.20198005437850952, -0.0017512287013232708, 0.7178547382354736, 0.6961652040481567, 0.005955853499472141, 0]
[0.49647611379623413, 0.0010639303363859653, 0.20483793318271637, -0.001796322874724865, 0.7176700830459595, 0.6963567733764648, 0.005800367798656225, 0]
[0.4964807629585266, 0.0010733010713011026, 0.20764878392219543, -0.0018404816510155797, 0.7174888849258423, 0.6965447068214417, 0.0056463866494596004, 0]
[0.4964849650859833, 0.001081660040654242, 0.21041199564933777, -0.0018843894358724356, 0.7173107266426086, 0.6967292428016663, 0.005493552889674902, 1]
[0.4964897334575653, 0.001089167664758861, 0.2131296694278717, -0.0019264307338744402, 0.7171356081962585, 0.696910560131073, 0.0053423563949763775, 1]
[0.4964938759803772, 0.0010957390768453479, 0.21580174565315247, -0.001968502067029476, 0.7169640064239502, 0.6970880627632141, 0.005192865617573261, 1]
[0.49649864435195923, 0.0011013795156031847, 0.21842971444129944, -0.002009125193580985, 0.7167955636978149, 0.6972622871398926, 0.005044996272772551, 1]
[0.49650338292121887, 0.0011062345001846552, 0.22101402282714844, -0.002048935042694211, 0.7166299819946289, 0.6974332928657532, 0.004898788407444954, 1]
[0.4965079724788666, 0.001109930220991373, 0.22355544567108154, -0.0020879514049738646, 0.7164674401283264, 0.6976011991500854, 0.004753869492560625, 1]
[0.49651262164115906, 0.0011132094077765942, 0.22605451941490173, -0.0021261463407427073, 0.7163078188896179, 0.6977658271789551, 0.004610882606357336, 1]
[0.49651744961738586, 0.0011156357359141111, 0.2285120040178299, -0.0021638853941112757, 0.7161514163017273, 0.6979272365570068, 0.00446932902559638, 1]
[0.4965221583843231, 0.0011169789358973503, 0.23092840611934662, -0.002200452610850334, 0.7159978747367859, 0.6980854868888855, 0.0043295337818562984, 1]
[0.49652722477912903, 0.0011182823218405247, 0.23330555856227875, -0.0022361332084983587, 0.7158468961715698, 0.698241114616394, 0.004192001186311245, 1]
[0.4965319335460663, 0.0011188006028532982, 0.23564210534095764, -0.0022716966923326254, 0.715698778629303, 0.698393702507019, 0.004055447410792112, 1]
[0.4965369403362274, 0.001118751592002809, 0.23794063925743103, -0.0023065959103405476, 0.7155530452728271, 0.6985434889793396, 0.003920802380889654, 1]
[0.4965420961380005, 0.0011179008288308978, 0.24020111560821533, -0.002340486040338874, 0.7154104709625244, 0.6986901164054871, 0.0037881985772401094, 1]
[0.4965468943119049, 0.0011164471507072449, 0.24242345988750458, -0.0023742900229990482, 0.7152704000473022, 0.6988341808319092, 0.0036569233052432537, 1]
[0.49655210971832275, 0.0011151100043207407, 0.2446092963218689, -0.002407530788332224, 0.7151327133178711, 0.6989756226539612, 0.0035282447934150696, 1]
[0.49655741453170776, 0.0011127726174890995, 0.24675913155078888, -0.0024399792309850454, 0.7149975895881653, 0.6991143822669983, 0.0034008952789008617, 1]
[0.49656227231025696, 0.0011104445438832045, 0.24887287616729736, -0.0024725389666855335, 0.7148649096488953, 0.6992504596710205, 0.003274975111708045, 1]
[0.4965674877166748, 0.001107413787394762, 0.2509519159793854, -0.0025041871704161167, 0.7147347331047058, 0.6993840932846069, 0.00315137323923409, 1]
[0.49657249450683594, 0.0011040474055334926, 0.2529960870742798, -0.002535461913794279, 0.7146070003509521, 0.6995149254798889, 0.0030292144510895014, 1]
[0.4965777099132538, 0.001100165769457817, 0.25500673055648804, -0.0025661163963377476, 0.7144814729690552, 0.6996434926986694, 0.0029092098120599985, 1]
[0.49658310413360596, 0.0010963575914502144, 0.2569842040538788, -0.0025964614469558, 0.7143583297729492, 0.6997696757316589, 0.0027910175267606974, 1]
[0.49658817052841187, 0.0010917974868789315, 0.25892844796180725, -0.0026267871726304293, 0.7142375707626343, 0.6998931765556335, 0.002674363786354661, 1]
[0.49659332633018494, 0.0010872685816138983, 0.26084062457084656, -0.002657124074175954, 0.7141189575195312, 0.700014591217041, 0.0025597885251045227, 1]
[0.496598482131958, 0.0010823729680851102, 0.26272106170654297, -0.0026867769192904234, 0.7140024304389954, 0.7001338005065918, 0.0024467576295137405, 1]
[0.49660375714302063, 0.0010773434769362211, 0.2645702064037323, -0.002716318005695939, 0.7138879895210266, 0.7002508044242859, 0.0023356981109827757, 1]
[0.4966089725494385, 0.0010720682330429554, 0.266389399766922, -0.0027457044925540686, 0.7137753963470459, 0.7003656029701233, 0.002226541517302394, 1]
[0.49661409854888916, 0.0010660176631063223, 0.2681777775287628, -0.0027746669948101044, 0.7136657238006592, 0.700477659702301, 0.002118800999596715, 1]
[0.49661943316459656, 0.0010600399691611528, 0.2699366807937622, -0.00280364160425961, 0.713557779788971, 0.7005877494812012, 0.002013495657593012, 1]
[0.4966244697570801, 0.0010536472545936704, 0.2716664671897888, -0.002832491882145405, 0.7134521007537842, 0.7006956934928894, 0.0019096990581601858, 1]
[0.4966295659542084, 0.0010472597787156701, 0.2733677327632904, -0.002861411776393652, 0.7133480310440063, 0.7008017301559448, 0.0018078007269650698, 1]
[0.49663498997688293, 0.0010410369141027331, 0.27504098415374756, -0.0028899183962494135, 0.713245689868927, 0.7009060978889465, 0.001707849558442831, 1]
[0.49664032459259033, 0.0010343857575207949, 0.2766866087913513, -0.002918282523751259, 0.7131453156471252, 0.7010082602500916, 0.001609790837392211, 1]
[0.49664559960365295, 0.0010271891951560974, 0.2783050537109375, -0.00294670881703496, 0.7130472660064697, 0.7011079788208008, 0.0015137550653889775, 1]
[0.4966512620449066, 0.0010199047392234206, 0.27989694476127625, -0.0029746894724667072, 0.7129510045051575, 0.7012060284614563, 0.0014194637769833207, 1]
[0.4966566562652588, 0.0010123566025868058, 0.2814624607563019, -0.003002844750881195, 0.7128562331199646, 0.7013024091720581, 0.001327131874859333, 1]
[0.4966623783111572, 0.0010044713271781802, 0.2830022871494293, -0.00303085008636117, 0.7127637267112732, 0.7013965845108032, 0.001236787298694253, 1]
[0.49666738510131836, 0.000996667891740799, 0.28451642394065857, -0.0030592349357903004, 0.7126724720001221, 0.7014892101287842, 0.001148116891272366, 1]
[0.49667271971702576, 0.000988122308626771, 0.28600531816482544, -0.003087446792051196, 0.7125836610794067, 0.7015794515609741, 0.0010611771140247583, 1]
[0.4966781735420227, 0.0009795727673918009, 0.28746992349624634, -0.003115380182862282, 0.7124964594841003, 0.7016680240631104, 0.0009764183196239173, 1]
[0.49668338894844055, 0.0009708162397146225, 0.2889103293418884, -0.0031441496685147285, 0.7124109864234924, 0.7017548084259033, 0.0008933584322221577, 1]
[0.496688574552536, 0.0009616522584110498, 0.2903270125389099, -0.003172996686771512, 0.712327241897583, 0.701839804649353, 0.0008120318525470793, 1]
[0.49669376015663147, 0.0009523245971649885, 0.2917202413082123, -0.0032012811861932278, 0.7122452259063721, 0.7019230127334595, 0.0007328075007535517, 1]
[0.4966987669467926, 0.0009426824981346726, 0.29309043288230896, -0.003230589209124446, 0.7121649384498596, 0.7020043134689331, 0.0006549290264956653, 1]
[0.49670401215553284, 0.0009331313194707036, 0.294437974691391, -0.003259505145251751, 0.7120858430862427, 0.702084481716156, 0.000579261570237577, 1]
[0.4967094957828522, 0.0009227454429492354, 0.2957642078399658, -0.003287902334704995, 0.7120088934898376, 0.7021625638008118, 0.0005061018164269626, 1]
[0.4967147707939148, 0.0009123192867264152, 0.2970680892467499, -0.003317073918879032, 0.7119334936141968, 0.702238917350769, 0.00043446107883937657, 1]
[0.4967197775840759, 0.0009014740935526788, 0.2983504831790924, -0.003346482291817665, 0.7118598222732544, 0.7023133635520935, 0.00036429028841666877, 1]
[0.49672478437423706, 0.0008905442664399743, 0.2996115982532501, -0.0033762359526008368, 0.711787760257721, 0.7023864984512329, 0.0002959135454148054, 1]
[0.4967297911643982, 0.0008790590800344944, 0.30085235834121704, -0.0034061064943671227, 0.7117170095443726, 0.7024579644203186, 0.00022976429318077862, 1]
[0.4967346787452698, 0.0008673121919855475, 0.30207282304763794, -0.003435770981013775, 0.7116479873657227, 0.7025278806686401, 0.00016522059740964323, 1]
[0.4967389702796936, 0.0008551782229915261, 0.30327242612838745, -0.003466402180492878, 0.7115804553031921, 0.7025960683822632, 0.00010172729525947943, 1]
[0.49674415588378906, 0.0008434919291175902, 0.30445313453674316, -0.0034965446684509516, 0.7115140557289124, 0.7026630640029907, 4.082867599208839e-05, 1]
[0.49674880504608154, 0.0008313542930409312, 0.30561426281929016, -0.0035268536303192377, 0.711449146270752, 0.7027287483215332, -1.844624785007909e-05, 1]
[0.49675288796424866, 0.0008190051885321736, 0.3067559599876404, -0.0035577714443206787, 0.7113857865333557, 0.7027927041053772, -7.664097211090848e-05, 1]
[0.496757447719574, 0.000806488620582968, 0.3078792691230774, -0.0035885004326701164, 0.7113235592842102, 0.7028554677963257, -0.00013279300765134394, 1]
[0.4967619478702545, 0.0007935205940157175, 0.30898424983024597, -0.0036195311695337296, 0.7112631797790527, 0.7029164433479309, -0.00018750244635157287, 1]
[0.49676600098609924, 0.0007808802183717489, 0.31007111072540283, -0.0036505700554698706, 0.711203396320343, 0.7029767036437988, -0.00024072162341326475, 1]
[0.49677032232284546, 0.0007684051524847746, 0.31114038825035095, -0.0036810021847486496, 0.711144745349884, 0.7030358910560608, -0.0002922391577158123, 1]
[0.49677425622940063, 0.0007559703662991524, 0.3121917247772217, -0.0037122289650142193, 0.7110872864723206, 0.7030938267707825, -0.00034260653774254024, 1]
[0.4967784583568573, 0.0007439128821715713, 0.3132264018058777, -0.003742652013897896, 0.7110306024551392, 0.7031510472297668, -0.0003913643886335194, 1]
[0.4967818558216095, 0.0007320878212340176, 0.31424346566200256, -0.003773207077756524, 0.710974931716919, 0.7032070755958557, -0.0004395167052280158, 1]
[0.49678531289100647, 0.0007204911671578884, 0.3152441382408142, -0.0038039314094930887, 0.7109203338623047, 0.7032621502876282, -0.0004863812937401235, 1]
[0.4967886805534363, 0.0007093492895364761, 0.31622809171676636, -0.0038343998603522778, 0.7108660936355591, 0.7033166885375977, -0.0005319989868439734, 1]
[0.4967914819717407, 0.0006988400709815323, 0.3171960413455963, -0.003864726284518838, 0.710812509059906, 0.7033706307411194, -0.0005772461299784482, 1]
[0.49679410457611084, 0.0006892532110214233, 0.31814783811569214, -0.003894442692399025, 0.710759162902832, 0.7034243941307068, -0.0006213629967533052, 1]
[0.49679669737815857, 0.0006801228155381978, 0.319084107875824, -0.003923955839127302, 0.710706889629364, 0.7034770250320435, -0.0006644183304160833, 1]
[0.4967990815639496, 0.0006720964447595179, 0.32000499963760376, -0.003953416831791401, 0.7106546759605408, 0.7035294771194458, -0.0007070132996886969, 1]
[0.4968012571334839, 0.0006646499969065189, 0.32091063261032104, -0.003982003778219223, 0.7106031775474548, 0.7035812735557556, -0.0007488472620025277, 1]
[0.4968029856681824, 0.0006584071088582277, 0.32180142402648926, -0.004010362084954977, 0.7105516195297241, 0.703633189201355, -0.000790701771620661, 1]
[0.49680447578430176, 0.0006535341963171959, 0.32267674803733826, -0.00403875345364213, 0.7105002999305725, 0.7036848664283752, -0.0008320400957018137, 1]
[0.49680590629577637, 0.0006492035463452339, 0.32353857159614563, -0.004066028166562319, 0.71044921875, 0.7037360668182373, -0.0008722450584173203, 1]
[0.496807336807251, 0.0006463263416662812, 0.32438600063323975, -0.00409248610958457, 0.710398256778717, 0.7037874460220337, -0.0009126412915065885, 1]
[0.49680808186531067, 0.0006445457111112773, 0.32521897554397583, -0.004119104240089655, 0.7103472352027893, 0.7038388252258301, -0.0009524060878902674, 1]
[0.49680882692337036, 0.0006437519332394004, 0.3260382115840912, -0.004145433194935322, 0.7102962136268616, 0.7038899660110474, -0.0009920261800289154, 1]
[0.4968093931674957, 0.0006440825527533889, 0.3268442451953888, -0.004170735366642475, 0.7102453708648682, 0.7039410471916199, -0.001031194580718875, 1]
[0.49680960178375244, 0.0006458009593188763, 0.3276367783546448, -0.004195468034595251, 0.7101944088935852, 0.7039921879768372, -0.0010699558770284057, 1]
[0.4968096613883972, 0.0006486143684014678, 0.3284158706665039, -0.004219950642436743, 0.7101433873176575, 0.7040435671806335, -0.0011090344050899148, 1]
[0.49680936336517334, 0.0006521798204630613, 0.32918211817741394, -0.004244069568812847, 0.7100929021835327, 0.7040941715240479, -0.0011474858038127422, 1]
[0.49680912494659424, 0.0006572160054929554, 0.32993584871292114, -0.004267331678420305, 0.7100419998168945, 0.7041454315185547, -0.0011855673510581255, 1]
[0.4968082308769226, 0.0006624364759773016, 0.3306765854358673, -0.004290390759706497, 0.7099917531013489, 0.7041957974433899, -0.0012236597249284387, 1]
[0.49680736660957336, 0.0006692662718705833, 0.3314052224159241, -0.004312906414270401, 0.7099412679672241, 0.704246461391449, -0.0012615990126505494, 1]
[0.496806263923645, 0.0006765028228983283, 0.33212152123451233, -0.004335150122642517, 0.7098912000656128, 0.7042967677116394, -0.001298956573009491, 1]
[0.4968048930168152, 0.0006841787835583091, 0.3328261077404022, -0.004356917925179005, 0.7098415493965149, 0.7043466567993164, -0.0013363504549488425, 1]
[0.496803343296051, 0.0006932927062734962, 0.33351874351501465, -0.004378304351121187, 0.7097917795181274, 0.7043966054916382, -0.0013730258215218782, 1]
[0.49680161476135254, 0.0007025597151368856, 0.33419984579086304, -0.0043996889144182205, 0.7097424268722534, 0.7044463157653809, -0.0014096894301474094, 1]
[0.49679937958717346, 0.0007128383731469512, 0.3348689675331116, -0.004421066492795944, 0.7096930742263794, 0.7044956088066101, -0.0014463895931839943, 1]
[0.49679747223854065, 0.0007234771619550884, 0.33552753925323486, -0.004441616125404835, 0.709644079208374, 0.7045446634292603, -0.001482354593463242, 1]
[0.4967949390411377, 0.0007346310885623097, 0.33617478609085083, -0.004462082404643297, 0.7095955610275269, 0.7045934200286865, -0.001517993165180087, 1]
[0.4967924952507019, 0.0007460994529537857, 0.33681124448776245, -0.004482430871576071, 0.7095475196838379, 0.7046415209770203, -0.0015532954130321741, 1]
[0.49678969383239746, 0.0007574543124064803, 0.33743685483932495, -0.004502760246396065, 0.7095001339912415, 0.7046890258789062, -0.0015884485328570008, 1]
[0.49678653478622437, 0.0007697059190832078, 0.33805161714553833, -0.00452348031103611, 0.7094528079032898, 0.704736590385437, -0.001623694784939289, 1]
[0.4967837333679199, 0.0007822836632840335, 0.3386567234992981, -0.004542975220829248, 0.7094060778617859, 0.7047834396362305, -0.0016578671056777239, 1]
[0.4967808723449707, 0.0007944967364892364, 0.3392517864704132, -0.004562693182379007, 0.7093599438667297, 0.7048295140266418, -0.0016915455926209688, 1]
[0.4967775344848633, 0.0008072032360360026, 0.3398362696170807, -0.004582525230944157, 0.709314227104187, 0.7048754096031189, -0.0017253297846764326, 1]
[0.496774286031723, 0.00081996014341712, 0.3404112756252289, -0.0046019465662539005, 0.7092689871788025, 0.7049206495285034, -0.001758395810611546, 1]
[0.49677085876464844, 0.0008326182141900063, 0.340976744890213, -0.0046212030574679375, 0.7092244625091553, 0.704965353012085, -0.0017905734712257981, 1]
[0.4967671036720276, 0.0008456105715595186, 0.3415321409702301, -0.004640751518309116, 0.7091802954673767, 0.7050094604492188, -0.0018232464790344238, 1]
[0.4967634379863739, 0.0008586804615333676, 0.3420783281326294, -0.004660355858504772, 0.7091367244720459, 0.7050530314445496, -0.001855385140515864, 1]
[0.4967590868473053, 0.0008717266609892249, 0.34261512756347656, -0.004679858684539795, 0.7090938091278076, 0.7050960063934326, -0.0018871314823627472, 1]
[0.4967551529407501, 0.0008843073737807572, 0.3431430459022522, -0.00469922972843051, 0.7090516090393066, 0.7051382660865784, -0.0019183263648301363, 1]
[0.496751070022583, 0.0008975192904472351, 0.34366196393966675, -0.004718497861176729, 0.70900958776474, 0.705180287361145, -0.0019487738609313965, 1]
[0.49674707651138306, 0.0009098557056859136, 0.34417232871055603, -0.004738071467727423, 0.708968460559845, 0.7052213549613953, -0.0019790902733802795, 1]
[0.4967429041862488, 0.0009225408430211246, 0.34467414021492004, -0.004756723064929247, 0.7089279294013977, 0.7052619457244873, -0.00200899806804955, 1]
[0.49673858284950256, 0.0009352731285616755, 0.34516721963882446, -0.004776024725288153, 0.7088878154754639, 0.7053020000457764, -0.002038485836237669, 1]
[0.4967345595359802, 0.0009479333530180156, 0.34565243124961853, -0.004794858396053314, 0.7088485360145569, 0.7053413391113281, -0.002066991990432143, 1]
[0.4967302978038788, 0.0009600036428309977, 0.34612926840782166, -0.00481371209025383, 0.7088098526000977, 0.7053800821304321, -0.0020957214292138815, 1]
[0.49672600626945496, 0.0009724061819724739, 0.34659820795059204, -0.004832547623664141, 0.7087715268135071, 0.7054182291030884, -0.0021232718136161566, 1]
[0.4967215359210968, 0.000984105165116489, 0.34705886244773865, -0.004851397126913071, 0.7087342143058777, 0.7054556608200073, -0.0021510471124202013, 1]
[0.49671706557273865, 0.0009959896560758352, 0.3475115895271301, -0.004870438948273659, 0.7086970806121826, 0.7054926753044128, -0.0021782417315989733, 1]
[0.4967123568058014, 0.0010072512086480856, 0.34795674681663513, -0.004889574833214283, 0.7086610198020935, 0.7055287957191467, -0.002205077325925231, 1]
[0.49670782685279846, 0.001018367474898696, 0.34839433431625366, -0.0049082073383033276, 0.7086254954338074, 0.7055642008781433, -0.0022314386442303658, 1]
[0.4967029392719269, 0.0010297218104824424, 0.3488246500492096, -0.00492748711258173, 0.7085903286933899, 0.7055992484092712, -0.0022576472256332636, 1]
[0.4966984987258911, 0.001040677772834897, 0.34924808144569397, -0.004946029745042324, 0.7085555195808411, 0.7056340575218201, -0.0022829093504697084, 1]
[0.496693879365921, 0.0010514500318095088, 0.3496639132499695, -0.004964706487953663, 0.7085216045379639, 0.7056678533554077, -0.0023080918472260237, 1]
[0.4966893792152405, 0.0010621118126437068, 0.3500729203224182, -0.004983377642929554, 0.7084880471229553, 0.7057012915611267, -0.0023326403461396694, 1]
[0.49668464064598083, 0.0010719760321080685, 0.35047459602355957, -0.005002213176339865, 0.7084556818008423, 0.7057336568832397, -0.0023570400662720203, 1]
[0.49667996168136597, 0.0010824305936694145, 0.35086995363235474, -0.005020960699766874, 0.7084231376647949, 0.7057660818099976, -0.0023808844853192568, 1]
[0.4966753125190735, 0.001092400518245995, 0.3512583374977112, -0.005039513111114502, 0.7083914279937744, 0.7057976126670837, -0.0024043298326432705, 1]
[0.4966704845428467, 0.0011021997779607773, 0.35164010524749756, -0.0050581363029778, 0.7083603143692017, 0.7058287262916565, -0.0024274878669530153, 1]
[0.4966658055782318, 0.0011116683017462492, 0.35201549530029297, -0.005076331552118063, 0.7083296775817871, 0.7058591842651367, -0.0024500300642102957, 1]
[0.49666109681129456, 0.0011209923541173339, 0.3523845672607422, -0.0050947703421115875, 0.7082996964454651, 0.705889105796814, -0.0024723049718886614, 1]
[0.496656209230423, 0.0011299974285066128, 0.35274726152420044, -0.00511331669986248, 0.7082700133323669, 0.7059186100959778, -0.0024944907054305077, 1]
[0.49665147066116333, 0.0011387214763090014, 0.3531036972999573, -0.0051318383775651455, 0.70824134349823, 0.70594722032547, -0.0025160883087664843, 1]
[0.4966468811035156, 0.0011473747435957193, 0.3534543812274933, -0.005149861332029104, 0.7082128524780273, 0.7059756517410278, -0.002537364140152931, 1]
[0.4966422915458679, 0.0011558812111616135, 0.35379889607429504, -0.00516847800463438, 0.7081847786903381, 0.7060035467147827, -0.002558289095759392, 1]
[0.4966373145580292, 0.0011640448356047273, 0.35413748025894165, -0.005186946596950293, 0.7081574201583862, 0.7060307860374451, -0.002579102059826255, 1]
[0.4966326355934143, 0.0011720204493030906, 0.35447072982788086, -0.005204689223319292, 0.7081304788589478, 0.706057608127594, -0.0025991611182689667, 1]
[0.496628075838089, 0.0011796981561928988, 0.35479801893234253, -0.005222798325121403, 0.7081039547920227, 0.7060839533805847, -0.0026189638301730156, 1]
[0.49662330746650696, 0.001187679124996066, 0.35512006282806396, -0.005240942817181349, 0.7080778479576111, 0.7061099410057068, -0.0026385232340544462, 1]
[0.4966188371181488, 0.0011949907056987286, 0.3554365336894989, -0.00525886844843626, 0.7080525159835815, 0.7061352133750916, -0.0026574013754725456, 1]
[0.49661433696746826, 0.0012022047303617, 0.3557475507259369, -0.005276287905871868, 0.708027184009552, 0.706160306930542, -0.002676188014447689, 1]
[0.4966095983982086, 0.0012093938421458006, 0.3560534417629242, -0.005294042639434338, 0.7080026268959045, 0.7061848044395447, -0.0026946058496832848, 1]
[0.4966050982475281, 0.0012162660714238882, 0.3563539385795593, -0.00531183835119009, 0.7079786062240601, 0.7062086462974548, -0.002712787128984928, 1]
[0.49660077691078186, 0.0012231875443831086, 0.3566497266292572, -0.005329262465238571, 0.7079546451568604, 0.7062324285507202, -0.0027307074051350355, 1]
[0.49659597873687744, 0.001229759305715561, 0.3569396138191223, -0.0053476737812161446, 0.7079313397407532, 0.7062556743621826, -0.0027487552724778652, 1]
[0.49659135937690735, 0.0012364423600956798, 0.3572254180908203, -0.005365671124309301, 0.7079083919525146, 0.706278383731842, -0.00276612164452672, 1]
[0.4965868592262268, 0.0012426781468093395, 0.3575059473514557, -0.005383356940001249, 0.7078859210014343, 0.7063007354736328, -0.002783537609502673, 1]
[0.4965822100639343, 0.001248822663910687, 0.35778194665908813, -0.005401231348514557, 0.7078637480735779, 0.7063226103782654, -0.00280025415122509, 1]
[0.49657782912254333, 0.0012551510008051991, 0.35805320739746094, -0.005418482236564159, 0.7078418135643005, 0.706344485282898, -0.002816849621012807, 1]
[0.4965735971927643, 0.0012607071548700333, 0.3583199679851532, -0.00543534429743886, 0.7078207731246948, 0.7063654065132141, -0.002832711674273014, 1]
[0.4965691864490509, 0.001266435137949884, 0.3585818409919739, -0.005452356766909361, 0.7077997922897339, 0.7063862681388855, -0.0028484384529292583, 1]
[0.4965648949146271, 0.0012717426288872957, 0.35883963108062744, -0.005468915216624737, 0.7077793478965759, 0.7064064741134644, -0.00286390190012753, 1]
[0.4965607821941376, 0.0012774179922416806, 0.35909295082092285, -0.005485693924129009, 0.7077590823173523, 0.7064266204833984, -0.0028790379874408245, 1]
[0.49655625224113464, 0.0012824651785194874, 0.3593415319919586, -0.0055029368959367275, 0.7077393531799316, 0.7064462900161743, -0.002894580364227295, 1]
[0.4965521991252899, 0.0012878194684162736, 0.3595866858959198, -0.00551929697394371, 0.7077198624610901, 0.7064656019210815, -0.002909088507294655, 1]
[0.49654802680015564, 0.0012922431342303753, 0.3598273992538452, -0.005535643547773361, 0.7077010869979858, 0.7064840793609619, -0.002923419000580907, 1]
[0.4965435564517975, 0.0012973244301974773, 0.3600636422634125, -0.005552610848098993, 0.7076822519302368, 0.7065028548240662, -0.002937764162197709, 1]
[0.49653953313827515, 0.0013021561317145824, 0.36029621958732605, -0.005568919237703085, 0.7076635360717773, 0.7065213918685913, -0.0029520762618631124, 1]
[0.49653536081314087, 0.0013063931837677956, 0.3605249226093292, -0.005584730766713619, 0.7076458930969238, 0.7065389156341553, -0.002965544816106558, 1]
[0.49653148651123047, 0.0013106418773531914, 0.3607497811317444, -0.005600573029369116, 0.7076281309127808, 0.7065566182136536, -0.0029791737906634808, 1]
[0.4965274930000305, 0.00131473527289927, 0.3609708547592163, -0.005616339854896069, 0.7076108455657959, 0.7065736651420593, -0.0029921974055469036, 1]
[0.4965237081050873, 0.0013187539298087358, 0.3611883223056793, -0.005631865933537483, 0.7075939178466797, 0.706590473651886, -0.003005038946866989, 1]
[0.49651968479156494, 0.0013230260228738189, 0.3614015579223633, -0.00564813194796443, 0.7075769305229187, 0.7066072225570679, -0.003017851384356618, 1]
[0.4965158998966217, 0.0013267534086480737, 0.3616117537021637, -0.005663021467626095, 0.7075608372688293, 0.706623375415802, -0.003030192805454135, 1]
[0.49651190638542175, 0.001330530853010714, 0.3618178963661194, -0.005678946152329445, 0.7075446844100952, 0.706639289855957, -0.0030425596050918102, 1]
[0.49650803208351135, 0.0013342960737645626, 0.3620205819606781, -0.005694523919373751, 0.7075288891792297, 0.7066550254821777, -0.0030547038186341524, 1]
[0.4965042769908905, 0.0013378227595239878, 0.36222025752067566, -0.005709672346711159, 0.707513153553009, 0.7066704630851746, -0.0030666200909763575, 1]
[0.49650055170059204, 0.0013413995038717985, 0.3624163568019867, -0.005725146271288395, 0.7074980139732361, 0.7066853642463684, -0.003078435081988573, 1]
[0.4964969754219055, 0.0013448912650346756, 0.36260902881622314, -0.005739959422498941, 0.7074828147888184, 0.7067005038261414, -0.003089611418545246, 1]
[0.49649330973625183, 0.0013480891939252615, 0.36279845237731934, -0.005755123216658831, 0.7074682116508484, 0.7067149877548218, -0.0031009858939796686, 1]
[0.49648940563201904, 0.0013511996949091554, 0.3629845082759857, -0.005769955925643444, 0.707453727722168, 0.7067292332649231, -0.003112429054453969, 1]
[0.49648594856262207, 0.0013541750377044082, 0.3631674349308014, -0.0057844542898237705, 0.7074397206306458, 0.706743061542511, -0.003123252419754863, 1]
[0.4964821934700012, 0.0013569453731179237, 0.36334723234176636, -0.005799287464469671, 0.7074259519577026, 0.7067567110061646, -0.003134243655949831, 1]
[0.4964786767959595, 0.0013602905673906207, 0.3635238707065582, -0.005814110394567251, 0.70741206407547, 0.7067704200744629, -0.0031446886714547873, 1]
[0.4964752197265625, 0.0013626042054966092, 0.3636980354785919, -0.00582832982763648, 0.7073989510536194, 0.7067833542823792, -0.0031549318227916956, 1]
[0.4964718222618103, 0.0013658726820722222, 0.3638688325881958, -0.005842248443514109, 0.7073854804039001, 0.7067967057228088, -0.003164944937452674, 1]
[0.49646827578544617, 0.0013685391750186682, 0.3640366792678833, -0.005856852047145367, 0.7073726058006287, 0.706809401512146, -0.003175215795636177, 1]
[0.4964647889137268, 0.0013710615457966924, 0.36420196294784546, -0.005870869383215904, 0.7073602080345154, 0.7068217396736145, -0.0031851192470639944, 1]
